name;frameTime;audspec_lengthL1norm_sma_range;audspec_lengthL1norm_sma_maxPos;audspec_lengthL1norm_sma_minPos;audspec_lengthL1norm_sma_quartile1;audspec_lengthL1norm_sma_quartile2;audspec_lengthL1norm_sma_quartile3;audspec_lengthL1norm_sma_iqr1-2;audspec_lengthL1norm_sma_iqr2-3;audspec_lengthL1norm_sma_iqr1-3;audspec_lengthL1norm_sma_percentile1.0;audspec_lengthL1norm_sma_percentile99.0;audspec_lengthL1norm_sma_pctlrange0-1;audspec_lengthL1norm_sma_stddev;audspec_lengthL1norm_sma_skewness;audspec_lengthL1norm_sma_kurtosis;audspec_lengthL1norm_sma_meanSegLen;audspec_lengthL1norm_sma_maxSegLen;audspec_lengthL1norm_sma_minSegLen;audspec_lengthL1norm_sma_segLenStddev;audspec_lengthL1norm_sma_upleveltime25;audspec_lengthL1norm_sma_upleveltime50;audspec_lengthL1norm_sma_upleveltime75;audspec_lengthL1norm_sma_upleveltime90;audspec_lengthL1norm_sma_risetime;audspec_lengthL1norm_sma_leftctime;audspec_lengthL1norm_sma_lpgain;audspec_lengthL1norm_sma_lpc0;audspec_lengthL1norm_sma_lpc1;audspec_lengthL1norm_sma_lpc2;audspec_lengthL1norm_sma_lpc3;audspec_lengthL1norm_sma_lpc4;audspecRasta_lengthL1norm_sma_range;audspecRasta_lengthL1norm_sma_maxPos;audspecRasta_lengthL1norm_sma_minPos;audspecRasta_lengthL1norm_sma_quartile1;audspecRasta_lengthL1norm_sma_quartile2;audspecRasta_lengthL1norm_sma_quartile3;audspecRasta_lengthL1norm_sma_iqr1-2;audspecRasta_lengthL1norm_sma_iqr2-3;audspecRasta_lengthL1norm_sma_iqr1-3;audspecRasta_lengthL1norm_sma_percentile1.0;audspecRasta_lengthL1norm_sma_percentile99.0;audspecRasta_lengthL1norm_sma_pctlrange0-1;audspecRasta_lengthL1norm_sma_stddev;audspecRasta_lengthL1norm_sma_skewness;audspecRasta_lengthL1norm_sma_kurtosis;audspecRasta_lengthL1norm_sma_meanSegLen;audspecRasta_lengthL1norm_sma_maxSegLen;audspecRasta_lengthL1norm_sma_minSegLen;audspecRasta_lengthL1norm_sma_segLenStddev;audspecRasta_lengthL1norm_sma_upleveltime25;audspecRasta_lengthL1norm_sma_upleveltime50;audspecRasta_lengthL1norm_sma_upleveltime75;audspecRasta_lengthL1norm_sma_upleveltime90;audspecRasta_lengthL1norm_sma_risetime;audspecRasta_lengthL1norm_sma_leftctime;audspecRasta_lengthL1norm_sma_lpgain;audspecRasta_lengthL1norm_sma_lpc0;audspecRasta_lengthL1norm_sma_lpc1;audspecRasta_lengthL1norm_sma_lpc2;audspecRasta_lengthL1norm_sma_lpc3;audspecRasta_lengthL1norm_sma_lpc4;pcm_RMSenergy_sma_range;pcm_RMSenergy_sma_maxPos;pcm_RMSenergy_sma_minPos;pcm_RMSenergy_sma_quartile1;pcm_RMSenergy_sma_quartile2;pcm_RMSenergy_sma_quartile3;pcm_RMSenergy_sma_iqr1-2;pcm_RMSenergy_sma_iqr2-3;pcm_RMSenergy_sma_iqr1-3;pcm_RMSenergy_sma_percentile1.0;pcm_RMSenergy_sma_percentile99.0;pcm_RMSenergy_sma_pctlrange0-1;pcm_RMSenergy_sma_stddev;pcm_RMSenergy_sma_skewness;pcm_RMSenergy_sma_kurtosis;pcm_RMSenergy_sma_meanSegLen;pcm_RMSenergy_sma_maxSegLen;pcm_RMSenergy_sma_minSegLen;pcm_RMSenergy_sma_segLenStddev;pcm_RMSenergy_sma_upleveltime25;pcm_RMSenergy_sma_upleveltime50;pcm_RMSenergy_sma_upleveltime75;pcm_RMSenergy_sma_upleveltime90;pcm_RMSenergy_sma_risetime;pcm_RMSenergy_sma_leftctime;pcm_RMSenergy_sma_lpgain;pcm_RMSenergy_sma_lpc0;pcm_RMSenergy_sma_lpc1;pcm_RMSenergy_sma_lpc2;pcm_RMSenergy_sma_lpc3;pcm_RMSenergy_sma_lpc4;pcm_zcr_sma_range;pcm_zcr_sma_maxPos;pcm_zcr_sma_minPos;pcm_zcr_sma_quartile1;pcm_zcr_sma_quartile2;pcm_zcr_sma_quartile3;pcm_zcr_sma_iqr1-2;pcm_zcr_sma_iqr2-3;pcm_zcr_sma_iqr1-3;pcm_zcr_sma_percentile1.0;pcm_zcr_sma_percentile99.0;pcm_zcr_sma_pctlrange0-1;pcm_zcr_sma_stddev;pcm_zcr_sma_skewness;pcm_zcr_sma_kurtosis;pcm_zcr_sma_meanSegLen;pcm_zcr_sma_maxSegLen;pcm_zcr_sma_minSegLen;pcm_zcr_sma_segLenStddev;pcm_zcr_sma_upleveltime25;pcm_zcr_sma_upleveltime50;pcm_zcr_sma_upleveltime75;pcm_zcr_sma_upleveltime90;pcm_zcr_sma_risetime;pcm_zcr_sma_leftctime;pcm_zcr_sma_lpgain;pcm_zcr_sma_lpc0;pcm_zcr_sma_lpc1;pcm_zcr_sma_lpc2;pcm_zcr_sma_lpc3;pcm_zcr_sma_lpc4;audspec_lengthL1norm_sma_de_range;audspec_lengthL1norm_sma_de_maxPos;audspec_lengthL1norm_sma_de_minPos;audspec_lengthL1norm_sma_de_quartile1;audspec_lengthL1norm_sma_de_quartile2;audspec_lengthL1norm_sma_de_quartile3;audspec_lengthL1norm_sma_de_iqr1-2;audspec_lengthL1norm_sma_de_iqr2-3;audspec_lengthL1norm_sma_de_iqr1-3;audspec_lengthL1norm_sma_de_percentile1.0;audspec_lengthL1norm_sma_de_percentile99.0;audspec_lengthL1norm_sma_de_pctlrange0-1;audspec_lengthL1norm_sma_de_stddev;audspec_lengthL1norm_sma_de_skewness;audspec_lengthL1norm_sma_de_kurtosis;audspec_lengthL1norm_sma_de_meanSegLen;audspec_lengthL1norm_sma_de_maxSegLen;audspec_lengthL1norm_sma_de_minSegLen;audspec_lengthL1norm_sma_de_segLenStddev;audspec_lengthL1norm_sma_de_upleveltime25;audspec_lengthL1norm_sma_de_upleveltime50;audspec_lengthL1norm_sma_de_upleveltime75;audspec_lengthL1norm_sma_de_upleveltime90;audspec_lengthL1norm_sma_de_risetime;audspec_lengthL1norm_sma_de_leftctime;audspec_lengthL1norm_sma_de_lpgain;audspec_lengthL1norm_sma_de_lpc0;audspec_lengthL1norm_sma_de_lpc1;audspec_lengthL1norm_sma_de_lpc2;audspec_lengthL1norm_sma_de_lpc3;audspec_lengthL1norm_sma_de_lpc4;audspecRasta_lengthL1norm_sma_de_range;audspecRasta_lengthL1norm_sma_de_maxPos;audspecRasta_lengthL1norm_sma_de_minPos;audspecRasta_lengthL1norm_sma_de_quartile1;audspecRasta_lengthL1norm_sma_de_quartile2;audspecRasta_lengthL1norm_sma_de_quartile3;audspecRasta_lengthL1norm_sma_de_iqr1-2;audspecRasta_lengthL1norm_sma_de_iqr2-3;audspecRasta_lengthL1norm_sma_de_iqr1-3;audspecRasta_lengthL1norm_sma_de_percentile1.0;audspecRasta_lengthL1norm_sma_de_percentile99.0;audspecRasta_lengthL1norm_sma_de_pctlrange0-1;audspecRasta_lengthL1norm_sma_de_stddev;audspecRasta_lengthL1norm_sma_de_skewness;audspecRasta_lengthL1norm_sma_de_kurtosis;audspecRasta_lengthL1norm_sma_de_meanSegLen;audspecRasta_lengthL1norm_sma_de_maxSegLen;audspecRasta_lengthL1norm_sma_de_minSegLen;audspecRasta_lengthL1norm_sma_de_segLenStddev;audspecRasta_lengthL1norm_sma_de_upleveltime25;audspecRasta_lengthL1norm_sma_de_upleveltime50;audspecRasta_lengthL1norm_sma_de_upleveltime75;audspecRasta_lengthL1norm_sma_de_upleveltime90;audspecRasta_lengthL1norm_sma_de_risetime;audspecRasta_lengthL1norm_sma_de_leftctime;audspecRasta_lengthL1norm_sma_de_lpgain;audspecRasta_lengthL1norm_sma_de_lpc0;audspecRasta_lengthL1norm_sma_de_lpc1;audspecRasta_lengthL1norm_sma_de_lpc2;audspecRasta_lengthL1norm_sma_de_lpc3;audspecRasta_lengthL1norm_sma_de_lpc4;pcm_RMSenergy_sma_de_range;pcm_RMSenergy_sma_de_maxPos;pcm_RMSenergy_sma_de_minPos;pcm_RMSenergy_sma_de_quartile1;pcm_RMSenergy_sma_de_quartile2;pcm_RMSenergy_sma_de_quartile3;pcm_RMSenergy_sma_de_iqr1-2;pcm_RMSenergy_sma_de_iqr2-3;pcm_RMSenergy_sma_de_iqr1-3;pcm_RMSenergy_sma_de_percentile1.0;pcm_RMSenergy_sma_de_percentile99.0;pcm_RMSenergy_sma_de_pctlrange0-1;pcm_RMSenergy_sma_de_stddev;pcm_RMSenergy_sma_de_skewness;pcm_RMSenergy_sma_de_kurtosis;pcm_RMSenergy_sma_de_meanSegLen;pcm_RMSenergy_sma_de_maxSegLen;pcm_RMSenergy_sma_de_minSegLen;pcm_RMSenergy_sma_de_segLenStddev;pcm_RMSenergy_sma_de_upleveltime25;pcm_RMSenergy_sma_de_upleveltime50;pcm_RMSenergy_sma_de_upleveltime75;pcm_RMSenergy_sma_de_upleveltime90;pcm_RMSenergy_sma_de_risetime;pcm_RMSenergy_sma_de_leftctime;pcm_RMSenergy_sma_de_lpgain;pcm_RMSenergy_sma_de_lpc0;pcm_RMSenergy_sma_de_lpc1;pcm_RMSenergy_sma_de_lpc2;pcm_RMSenergy_sma_de_lpc3;pcm_RMSenergy_sma_de_lpc4;pcm_zcr_sma_de_range;pcm_zcr_sma_de_maxPos;pcm_zcr_sma_de_minPos;pcm_zcr_sma_de_quartile1;pcm_zcr_sma_de_quartile2;pcm_zcr_sma_de_quartile3;pcm_zcr_sma_de_iqr1-2;pcm_zcr_sma_de_iqr2-3;pcm_zcr_sma_de_iqr1-3;pcm_zcr_sma_de_percentile1.0;pcm_zcr_sma_de_percentile99.0;pcm_zcr_sma_de_pctlrange0-1;pcm_zcr_sma_de_stddev;pcm_zcr_sma_de_skewness;pcm_zcr_sma_de_kurtosis;pcm_zcr_sma_de_meanSegLen;pcm_zcr_sma_de_maxSegLen;pcm_zcr_sma_de_minSegLen;pcm_zcr_sma_de_segLenStddev;pcm_zcr_sma_de_upleveltime25;pcm_zcr_sma_de_upleveltime50;pcm_zcr_sma_de_upleveltime75;pcm_zcr_sma_de_upleveltime90;pcm_zcr_sma_de_risetime;pcm_zcr_sma_de_leftctime;pcm_zcr_sma_de_lpgain;pcm_zcr_sma_de_lpc0;pcm_zcr_sma_de_lpc1;pcm_zcr_sma_de_lpc2;pcm_zcr_sma_de_lpc3;pcm_zcr_sma_de_lpc4;audSpec_Rfilt_sma[0]_range;audSpec_Rfilt_sma[0]_maxPos;audSpec_Rfilt_sma[0]_minPos;audSpec_Rfilt_sma[0]_quartile1;audSpec_Rfilt_sma[0]_quartile2;audSpec_Rfilt_sma[0]_quartile3;audSpec_Rfilt_sma[0]_iqr1-2;audSpec_Rfilt_sma[0]_iqr2-3;audSpec_Rfilt_sma[0]_iqr1-3;audSpec_Rfilt_sma[0]_percentile1.0;audSpec_Rfilt_sma[0]_percentile99.0;audSpec_Rfilt_sma[0]_pctlrange0-1;audSpec_Rfilt_sma[0]_stddev;audSpec_Rfilt_sma[0]_skewness;audSpec_Rfilt_sma[0]_kurtosis;audSpec_Rfilt_sma[0]_meanSegLen;audSpec_Rfilt_sma[0]_maxSegLen;audSpec_Rfilt_sma[0]_minSegLen;audSpec_Rfilt_sma[0]_segLenStddev;audSpec_Rfilt_sma[0]_upleveltime25;audSpec_Rfilt_sma[0]_upleveltime50;audSpec_Rfilt_sma[0]_upleveltime75;audSpec_Rfilt_sma[0]_upleveltime90;audSpec_Rfilt_sma[0]_risetime;audSpec_Rfilt_sma[0]_leftctime;audSpec_Rfilt_sma[0]_lpgain;audSpec_Rfilt_sma[0]_lpc0;audSpec_Rfilt_sma[0]_lpc1;audSpec_Rfilt_sma[0]_lpc2;audSpec_Rfilt_sma[0]_lpc3;audSpec_Rfilt_sma[0]_lpc4;audSpec_Rfilt_sma[1]_range;audSpec_Rfilt_sma[1]_maxPos;audSpec_Rfilt_sma[1]_minPos;audSpec_Rfilt_sma[1]_quartile1;audSpec_Rfilt_sma[1]_quartile2;audSpec_Rfilt_sma[1]_quartile3;audSpec_Rfilt_sma[1]_iqr1-2;audSpec_Rfilt_sma[1]_iqr2-3;audSpec_Rfilt_sma[1]_iqr1-3;audSpec_Rfilt_sma[1]_percentile1.0;audSpec_Rfilt_sma[1]_percentile99.0;audSpec_Rfilt_sma[1]_pctlrange0-1;audSpec_Rfilt_sma[1]_stddev;audSpec_Rfilt_sma[1]_skewness;audSpec_Rfilt_sma[1]_kurtosis;audSpec_Rfilt_sma[1]_meanSegLen;audSpec_Rfilt_sma[1]_maxSegLen;audSpec_Rfilt_sma[1]_minSegLen;audSpec_Rfilt_sma[1]_segLenStddev;audSpec_Rfilt_sma[1]_upleveltime25;audSpec_Rfilt_sma[1]_upleveltime50;audSpec_Rfilt_sma[1]_upleveltime75;audSpec_Rfilt_sma[1]_upleveltime90;audSpec_Rfilt_sma[1]_risetime;audSpec_Rfilt_sma[1]_leftctime;audSpec_Rfilt_sma[1]_lpgain;audSpec_Rfilt_sma[1]_lpc0;audSpec_Rfilt_sma[1]_lpc1;audSpec_Rfilt_sma[1]_lpc2;audSpec_Rfilt_sma[1]_lpc3;audSpec_Rfilt_sma[1]_lpc4;audSpec_Rfilt_sma[2]_range;audSpec_Rfilt_sma[2]_maxPos;audSpec_Rfilt_sma[2]_minPos;audSpec_Rfilt_sma[2]_quartile1;audSpec_Rfilt_sma[2]_quartile2;audSpec_Rfilt_sma[2]_quartile3;audSpec_Rfilt_sma[2]_iqr1-2;audSpec_Rfilt_sma[2]_iqr2-3;audSpec_Rfilt_sma[2]_iqr1-3;audSpec_Rfilt_sma[2]_percentile1.0;audSpec_Rfilt_sma[2]_percentile99.0;audSpec_Rfilt_sma[2]_pctlrange0-1;audSpec_Rfilt_sma[2]_stddev;audSpec_Rfilt_sma[2]_skewness;audSpec_Rfilt_sma[2]_kurtosis;audSpec_Rfilt_sma[2]_meanSegLen;audSpec_Rfilt_sma[2]_maxSegLen;audSpec_Rfilt_sma[2]_minSegLen;audSpec_Rfilt_sma[2]_segLenStddev;audSpec_Rfilt_sma[2]_upleveltime25;audSpec_Rfilt_sma[2]_upleveltime50;audSpec_Rfilt_sma[2]_upleveltime75;audSpec_Rfilt_sma[2]_upleveltime90;audSpec_Rfilt_sma[2]_risetime;audSpec_Rfilt_sma[2]_leftctime;audSpec_Rfilt_sma[2]_lpgain;audSpec_Rfilt_sma[2]_lpc0;audSpec_Rfilt_sma[2]_lpc1;audSpec_Rfilt_sma[2]_lpc2;audSpec_Rfilt_sma[2]_lpc3;audSpec_Rfilt_sma[2]_lpc4;audSpec_Rfilt_sma[3]_range;audSpec_Rfilt_sma[3]_maxPos;audSpec_Rfilt_sma[3]_minPos;audSpec_Rfilt_sma[3]_quartile1;audSpec_Rfilt_sma[3]_quartile2;audSpec_Rfilt_sma[3]_quartile3;audSpec_Rfilt_sma[3]_iqr1-2;audSpec_Rfilt_sma[3]_iqr2-3;audSpec_Rfilt_sma[3]_iqr1-3;audSpec_Rfilt_sma[3]_percentile1.0;audSpec_Rfilt_sma[3]_percentile99.0;audSpec_Rfilt_sma[3]_pctlrange0-1;audSpec_Rfilt_sma[3]_stddev;audSpec_Rfilt_sma[3]_skewness;audSpec_Rfilt_sma[3]_kurtosis;audSpec_Rfilt_sma[3]_meanSegLen;audSpec_Rfilt_sma[3]_maxSegLen;audSpec_Rfilt_sma[3]_minSegLen;audSpec_Rfilt_sma[3]_segLenStddev;audSpec_Rfilt_sma[3]_upleveltime25;audSpec_Rfilt_sma[3]_upleveltime50;audSpec_Rfilt_sma[3]_upleveltime75;audSpec_Rfilt_sma[3]_upleveltime90;audSpec_Rfilt_sma[3]_risetime;audSpec_Rfilt_sma[3]_leftctime;audSpec_Rfilt_sma[3]_lpgain;audSpec_Rfilt_sma[3]_lpc0;audSpec_Rfilt_sma[3]_lpc1;audSpec_Rfilt_sma[3]_lpc2;audSpec_Rfilt_sma[3]_lpc3;audSpec_Rfilt_sma[3]_lpc4;audSpec_Rfilt_sma[4]_range;audSpec_Rfilt_sma[4]_maxPos;audSpec_Rfilt_sma[4]_minPos;audSpec_Rfilt_sma[4]_quartile1;audSpec_Rfilt_sma[4]_quartile2;audSpec_Rfilt_sma[4]_quartile3;audSpec_Rfilt_sma[4]_iqr1-2;audSpec_Rfilt_sma[4]_iqr2-3;audSpec_Rfilt_sma[4]_iqr1-3;audSpec_Rfilt_sma[4]_percentile1.0;audSpec_Rfilt_sma[4]_percentile99.0;audSpec_Rfilt_sma[4]_pctlrange0-1;audSpec_Rfilt_sma[4]_stddev;audSpec_Rfilt_sma[4]_skewness;audSpec_Rfilt_sma[4]_kurtosis;audSpec_Rfilt_sma[4]_meanSegLen;audSpec_Rfilt_sma[4]_maxSegLen;audSpec_Rfilt_sma[4]_minSegLen;audSpec_Rfilt_sma[4]_segLenStddev;audSpec_Rfilt_sma[4]_upleveltime25;audSpec_Rfilt_sma[4]_upleveltime50;audSpec_Rfilt_sma[4]_upleveltime75;audSpec_Rfilt_sma[4]_upleveltime90;audSpec_Rfilt_sma[4]_risetime;audSpec_Rfilt_sma[4]_leftctime;audSpec_Rfilt_sma[4]_lpgain;audSpec_Rfilt_sma[4]_lpc0;audSpec_Rfilt_sma[4]_lpc1;audSpec_Rfilt_sma[4]_lpc2;audSpec_Rfilt_sma[4]_lpc3;audSpec_Rfilt_sma[4]_lpc4;audSpec_Rfilt_sma[5]_range;audSpec_Rfilt_sma[5]_maxPos;audSpec_Rfilt_sma[5]_minPos;audSpec_Rfilt_sma[5]_quartile1;audSpec_Rfilt_sma[5]_quartile2;audSpec_Rfilt_sma[5]_quartile3;audSpec_Rfilt_sma[5]_iqr1-2;audSpec_Rfilt_sma[5]_iqr2-3;audSpec_Rfilt_sma[5]_iqr1-3;audSpec_Rfilt_sma[5]_percentile1.0;audSpec_Rfilt_sma[5]_percentile99.0;audSpec_Rfilt_sma[5]_pctlrange0-1;audSpec_Rfilt_sma[5]_stddev;audSpec_Rfilt_sma[5]_skewness;audSpec_Rfilt_sma[5]_kurtosis;audSpec_Rfilt_sma[5]_meanSegLen;audSpec_Rfilt_sma[5]_maxSegLen;audSpec_Rfilt_sma[5]_minSegLen;audSpec_Rfilt_sma[5]_segLenStddev;audSpec_Rfilt_sma[5]_upleveltime25;audSpec_Rfilt_sma[5]_upleveltime50;audSpec_Rfilt_sma[5]_upleveltime75;audSpec_Rfilt_sma[5]_upleveltime90;audSpec_Rfilt_sma[5]_risetime;audSpec_Rfilt_sma[5]_leftctime;audSpec_Rfilt_sma[5]_lpgain;audSpec_Rfilt_sma[5]_lpc0;audSpec_Rfilt_sma[5]_lpc1;audSpec_Rfilt_sma[5]_lpc2;audSpec_Rfilt_sma[5]_lpc3;audSpec_Rfilt_sma[5]_lpc4;audSpec_Rfilt_sma[6]_range;audSpec_Rfilt_sma[6]_maxPos;audSpec_Rfilt_sma[6]_minPos;audSpec_Rfilt_sma[6]_quartile1;audSpec_Rfilt_sma[6]_quartile2;audSpec_Rfilt_sma[6]_quartile3;audSpec_Rfilt_sma[6]_iqr1-2;audSpec_Rfilt_sma[6]_iqr2-3;audSpec_Rfilt_sma[6]_iqr1-3;audSpec_Rfilt_sma[6]_percentile1.0;audSpec_Rfilt_sma[6]_percentile99.0;audSpec_Rfilt_sma[6]_pctlrange0-1;audSpec_Rfilt_sma[6]_stddev;audSpec_Rfilt_sma[6]_skewness;audSpec_Rfilt_sma[6]_kurtosis;audSpec_Rfilt_sma[6]_meanSegLen;audSpec_Rfilt_sma[6]_maxSegLen;audSpec_Rfilt_sma[6]_minSegLen;audSpec_Rfilt_sma[6]_segLenStddev;audSpec_Rfilt_sma[6]_upleveltime25;audSpec_Rfilt_sma[6]_upleveltime50;audSpec_Rfilt_sma[6]_upleveltime75;audSpec_Rfilt_sma[6]_upleveltime90;audSpec_Rfilt_sma[6]_risetime;audSpec_Rfilt_sma[6]_leftctime;audSpec_Rfilt_sma[6]_lpgain;audSpec_Rfilt_sma[6]_lpc0;audSpec_Rfilt_sma[6]_lpc1;audSpec_Rfilt_sma[6]_lpc2;audSpec_Rfilt_sma[6]_lpc3;audSpec_Rfilt_sma[6]_lpc4;audSpec_Rfilt_sma[7]_range;audSpec_Rfilt_sma[7]_maxPos;audSpec_Rfilt_sma[7]_minPos;audSpec_Rfilt_sma[7]_quartile1;audSpec_Rfilt_sma[7]_quartile2;audSpec_Rfilt_sma[7]_quartile3;audSpec_Rfilt_sma[7]_iqr1-2;audSpec_Rfilt_sma[7]_iqr2-3;audSpec_Rfilt_sma[7]_iqr1-3;audSpec_Rfilt_sma[7]_percentile1.0;audSpec_Rfilt_sma[7]_percentile99.0;audSpec_Rfilt_sma[7]_pctlrange0-1;audSpec_Rfilt_sma[7]_stddev;audSpec_Rfilt_sma[7]_skewness;audSpec_Rfilt_sma[7]_kurtosis;audSpec_Rfilt_sma[7]_meanSegLen;audSpec_Rfilt_sma[7]_maxSegLen;audSpec_Rfilt_sma[7]_minSegLen;audSpec_Rfilt_sma[7]_segLenStddev;audSpec_Rfilt_sma[7]_upleveltime25;audSpec_Rfilt_sma[7]_upleveltime50;audSpec_Rfilt_sma[7]_upleveltime75;audSpec_Rfilt_sma[7]_upleveltime90;audSpec_Rfilt_sma[7]_risetime;audSpec_Rfilt_sma[7]_leftctime;audSpec_Rfilt_sma[7]_lpgain;audSpec_Rfilt_sma[7]_lpc0;audSpec_Rfilt_sma[7]_lpc1;audSpec_Rfilt_sma[7]_lpc2;audSpec_Rfilt_sma[7]_lpc3;audSpec_Rfilt_sma[7]_lpc4;audSpec_Rfilt_sma[8]_range;audSpec_Rfilt_sma[8]_maxPos;audSpec_Rfilt_sma[8]_minPos;audSpec_Rfilt_sma[8]_quartile1;audSpec_Rfilt_sma[8]_quartile2;audSpec_Rfilt_sma[8]_quartile3;audSpec_Rfilt_sma[8]_iqr1-2;audSpec_Rfilt_sma[8]_iqr2-3;audSpec_Rfilt_sma[8]_iqr1-3;audSpec_Rfilt_sma[8]_percentile1.0;audSpec_Rfilt_sma[8]_percentile99.0;audSpec_Rfilt_sma[8]_pctlrange0-1;audSpec_Rfilt_sma[8]_stddev;audSpec_Rfilt_sma[8]_skewness;audSpec_Rfilt_sma[8]_kurtosis;audSpec_Rfilt_sma[8]_meanSegLen;audSpec_Rfilt_sma[8]_maxSegLen;audSpec_Rfilt_sma[8]_minSegLen;audSpec_Rfilt_sma[8]_segLenStddev;audSpec_Rfilt_sma[8]_upleveltime25;audSpec_Rfilt_sma[8]_upleveltime50;audSpec_Rfilt_sma[8]_upleveltime75;audSpec_Rfilt_sma[8]_upleveltime90;audSpec_Rfilt_sma[8]_risetime;audSpec_Rfilt_sma[8]_leftctime;audSpec_Rfilt_sma[8]_lpgain;audSpec_Rfilt_sma[8]_lpc0;audSpec_Rfilt_sma[8]_lpc1;audSpec_Rfilt_sma[8]_lpc2;audSpec_Rfilt_sma[8]_lpc3;audSpec_Rfilt_sma[8]_lpc4;audSpec_Rfilt_sma[9]_range;audSpec_Rfilt_sma[9]_maxPos;audSpec_Rfilt_sma[9]_minPos;audSpec_Rfilt_sma[9]_quartile1;audSpec_Rfilt_sma[9]_quartile2;audSpec_Rfilt_sma[9]_quartile3;audSpec_Rfilt_sma[9]_iqr1-2;audSpec_Rfilt_sma[9]_iqr2-3;audSpec_Rfilt_sma[9]_iqr1-3;audSpec_Rfilt_sma[9]_percentile1.0;audSpec_Rfilt_sma[9]_percentile99.0;audSpec_Rfilt_sma[9]_pctlrange0-1;audSpec_Rfilt_sma[9]_stddev;audSpec_Rfilt_sma[9]_skewness;audSpec_Rfilt_sma[9]_kurtosis;audSpec_Rfilt_sma[9]_meanSegLen;audSpec_Rfilt_sma[9]_maxSegLen;audSpec_Rfilt_sma[9]_minSegLen;audSpec_Rfilt_sma[9]_segLenStddev;audSpec_Rfilt_sma[9]_upleveltime25;audSpec_Rfilt_sma[9]_upleveltime50;audSpec_Rfilt_sma[9]_upleveltime75;audSpec_Rfilt_sma[9]_upleveltime90;audSpec_Rfilt_sma[9]_risetime;audSpec_Rfilt_sma[9]_leftctime;audSpec_Rfilt_sma[9]_lpgain;audSpec_Rfilt_sma[9]_lpc0;audSpec_Rfilt_sma[9]_lpc1;audSpec_Rfilt_sma[9]_lpc2;audSpec_Rfilt_sma[9]_lpc3;audSpec_Rfilt_sma[9]_lpc4;audSpec_Rfilt_sma[10]_range;audSpec_Rfilt_sma[10]_maxPos;audSpec_Rfilt_sma[10]_minPos;audSpec_Rfilt_sma[10]_quartile1;audSpec_Rfilt_sma[10]_quartile2;audSpec_Rfilt_sma[10]_quartile3;audSpec_Rfilt_sma[10]_iqr1-2;audSpec_Rfilt_sma[10]_iqr2-3;audSpec_Rfilt_sma[10]_iqr1-3;audSpec_Rfilt_sma[10]_percentile1.0;audSpec_Rfilt_sma[10]_percentile99.0;audSpec_Rfilt_sma[10]_pctlrange0-1;audSpec_Rfilt_sma[10]_stddev;audSpec_Rfilt_sma[10]_skewness;audSpec_Rfilt_sma[10]_kurtosis;audSpec_Rfilt_sma[10]_meanSegLen;audSpec_Rfilt_sma[10]_maxSegLen;audSpec_Rfilt_sma[10]_minSegLen;audSpec_Rfilt_sma[10]_segLenStddev;audSpec_Rfilt_sma[10]_upleveltime25;audSpec_Rfilt_sma[10]_upleveltime50;audSpec_Rfilt_sma[10]_upleveltime75;audSpec_Rfilt_sma[10]_upleveltime90;audSpec_Rfilt_sma[10]_risetime;audSpec_Rfilt_sma[10]_leftctime;audSpec_Rfilt_sma[10]_lpgain;audSpec_Rfilt_sma[10]_lpc0;audSpec_Rfilt_sma[10]_lpc1;audSpec_Rfilt_sma[10]_lpc2;audSpec_Rfilt_sma[10]_lpc3;audSpec_Rfilt_sma[10]_lpc4;audSpec_Rfilt_sma[11]_range;audSpec_Rfilt_sma[11]_maxPos;audSpec_Rfilt_sma[11]_minPos;audSpec_Rfilt_sma[11]_quartile1;audSpec_Rfilt_sma[11]_quartile2;audSpec_Rfilt_sma[11]_quartile3;audSpec_Rfilt_sma[11]_iqr1-2;audSpec_Rfilt_sma[11]_iqr2-3;audSpec_Rfilt_sma[11]_iqr1-3;audSpec_Rfilt_sma[11]_percentile1.0;audSpec_Rfilt_sma[11]_percentile99.0;audSpec_Rfilt_sma[11]_pctlrange0-1;audSpec_Rfilt_sma[11]_stddev;audSpec_Rfilt_sma[11]_skewness;audSpec_Rfilt_sma[11]_kurtosis;audSpec_Rfilt_sma[11]_meanSegLen;audSpec_Rfilt_sma[11]_maxSegLen;audSpec_Rfilt_sma[11]_minSegLen;audSpec_Rfilt_sma[11]_segLenStddev;audSpec_Rfilt_sma[11]_upleveltime25;audSpec_Rfilt_sma[11]_upleveltime50;audSpec_Rfilt_sma[11]_upleveltime75;audSpec_Rfilt_sma[11]_upleveltime90;audSpec_Rfilt_sma[11]_risetime;audSpec_Rfilt_sma[11]_leftctime;audSpec_Rfilt_sma[11]_lpgain;audSpec_Rfilt_sma[11]_lpc0;audSpec_Rfilt_sma[11]_lpc1;audSpec_Rfilt_sma[11]_lpc2;audSpec_Rfilt_sma[11]_lpc3;audSpec_Rfilt_sma[11]_lpc4;audSpec_Rfilt_sma[12]_range;audSpec_Rfilt_sma[12]_maxPos;audSpec_Rfilt_sma[12]_minPos;audSpec_Rfilt_sma[12]_quartile1;audSpec_Rfilt_sma[12]_quartile2;audSpec_Rfilt_sma[12]_quartile3;audSpec_Rfilt_sma[12]_iqr1-2;audSpec_Rfilt_sma[12]_iqr2-3;audSpec_Rfilt_sma[12]_iqr1-3;audSpec_Rfilt_sma[12]_percentile1.0;audSpec_Rfilt_sma[12]_percentile99.0;audSpec_Rfilt_sma[12]_pctlrange0-1;audSpec_Rfilt_sma[12]_stddev;audSpec_Rfilt_sma[12]_skewness;audSpec_Rfilt_sma[12]_kurtosis;audSpec_Rfilt_sma[12]_meanSegLen;audSpec_Rfilt_sma[12]_maxSegLen;audSpec_Rfilt_sma[12]_minSegLen;audSpec_Rfilt_sma[12]_segLenStddev;audSpec_Rfilt_sma[12]_upleveltime25;audSpec_Rfilt_sma[12]_upleveltime50;audSpec_Rfilt_sma[12]_upleveltime75;audSpec_Rfilt_sma[12]_upleveltime90;audSpec_Rfilt_sma[12]_risetime;audSpec_Rfilt_sma[12]_leftctime;audSpec_Rfilt_sma[12]_lpgain;audSpec_Rfilt_sma[12]_lpc0;audSpec_Rfilt_sma[12]_lpc1;audSpec_Rfilt_sma[12]_lpc2;audSpec_Rfilt_sma[12]_lpc3;audSpec_Rfilt_sma[12]_lpc4;audSpec_Rfilt_sma[13]_range;audSpec_Rfilt_sma[13]_maxPos;audSpec_Rfilt_sma[13]_minPos;audSpec_Rfilt_sma[13]_quartile1;audSpec_Rfilt_sma[13]_quartile2;audSpec_Rfilt_sma[13]_quartile3;audSpec_Rfilt_sma[13]_iqr1-2;audSpec_Rfilt_sma[13]_iqr2-3;audSpec_Rfilt_sma[13]_iqr1-3;audSpec_Rfilt_sma[13]_percentile1.0;audSpec_Rfilt_sma[13]_percentile99.0;audSpec_Rfilt_sma[13]_pctlrange0-1;audSpec_Rfilt_sma[13]_stddev;audSpec_Rfilt_sma[13]_skewness;audSpec_Rfilt_sma[13]_kurtosis;audSpec_Rfilt_sma[13]_meanSegLen;audSpec_Rfilt_sma[13]_maxSegLen;audSpec_Rfilt_sma[13]_minSegLen;audSpec_Rfilt_sma[13]_segLenStddev;audSpec_Rfilt_sma[13]_upleveltime25;audSpec_Rfilt_sma[13]_upleveltime50;audSpec_Rfilt_sma[13]_upleveltime75;audSpec_Rfilt_sma[13]_upleveltime90;audSpec_Rfilt_sma[13]_risetime;audSpec_Rfilt_sma[13]_leftctime;audSpec_Rfilt_sma[13]_lpgain;audSpec_Rfilt_sma[13]_lpc0;audSpec_Rfilt_sma[13]_lpc1;audSpec_Rfilt_sma[13]_lpc2;audSpec_Rfilt_sma[13]_lpc3;audSpec_Rfilt_sma[13]_lpc4;audSpec_Rfilt_sma[14]_range;audSpec_Rfilt_sma[14]_maxPos;audSpec_Rfilt_sma[14]_minPos;audSpec_Rfilt_sma[14]_quartile1;audSpec_Rfilt_sma[14]_quartile2;audSpec_Rfilt_sma[14]_quartile3;audSpec_Rfilt_sma[14]_iqr1-2;audSpec_Rfilt_sma[14]_iqr2-3;audSpec_Rfilt_sma[14]_iqr1-3;audSpec_Rfilt_sma[14]_percentile1.0;audSpec_Rfilt_sma[14]_percentile99.0;audSpec_Rfilt_sma[14]_pctlrange0-1;audSpec_Rfilt_sma[14]_stddev;audSpec_Rfilt_sma[14]_skewness;audSpec_Rfilt_sma[14]_kurtosis;audSpec_Rfilt_sma[14]_meanSegLen;audSpec_Rfilt_sma[14]_maxSegLen;audSpec_Rfilt_sma[14]_minSegLen;audSpec_Rfilt_sma[14]_segLenStddev;audSpec_Rfilt_sma[14]_upleveltime25;audSpec_Rfilt_sma[14]_upleveltime50;audSpec_Rfilt_sma[14]_upleveltime75;audSpec_Rfilt_sma[14]_upleveltime90;audSpec_Rfilt_sma[14]_risetime;audSpec_Rfilt_sma[14]_leftctime;audSpec_Rfilt_sma[14]_lpgain;audSpec_Rfilt_sma[14]_lpc0;audSpec_Rfilt_sma[14]_lpc1;audSpec_Rfilt_sma[14]_lpc2;audSpec_Rfilt_sma[14]_lpc3;audSpec_Rfilt_sma[14]_lpc4;audSpec_Rfilt_sma[15]_range;audSpec_Rfilt_sma[15]_maxPos;audSpec_Rfilt_sma[15]_minPos;audSpec_Rfilt_sma[15]_quartile1;audSpec_Rfilt_sma[15]_quartile2;audSpec_Rfilt_sma[15]_quartile3;audSpec_Rfilt_sma[15]_iqr1-2;audSpec_Rfilt_sma[15]_iqr2-3;audSpec_Rfilt_sma[15]_iqr1-3;audSpec_Rfilt_sma[15]_percentile1.0;audSpec_Rfilt_sma[15]_percentile99.0;audSpec_Rfilt_sma[15]_pctlrange0-1;audSpec_Rfilt_sma[15]_stddev;audSpec_Rfilt_sma[15]_skewness;audSpec_Rfilt_sma[15]_kurtosis;audSpec_Rfilt_sma[15]_meanSegLen;audSpec_Rfilt_sma[15]_maxSegLen;audSpec_Rfilt_sma[15]_minSegLen;audSpec_Rfilt_sma[15]_segLenStddev;audSpec_Rfilt_sma[15]_upleveltime25;audSpec_Rfilt_sma[15]_upleveltime50;audSpec_Rfilt_sma[15]_upleveltime75;audSpec_Rfilt_sma[15]_upleveltime90;audSpec_Rfilt_sma[15]_risetime;audSpec_Rfilt_sma[15]_leftctime;audSpec_Rfilt_sma[15]_lpgain;audSpec_Rfilt_sma[15]_lpc0;audSpec_Rfilt_sma[15]_lpc1;audSpec_Rfilt_sma[15]_lpc2;audSpec_Rfilt_sma[15]_lpc3;audSpec_Rfilt_sma[15]_lpc4;audSpec_Rfilt_sma[16]_range;audSpec_Rfilt_sma[16]_maxPos;audSpec_Rfilt_sma[16]_minPos;audSpec_Rfilt_sma[16]_quartile1;audSpec_Rfilt_sma[16]_quartile2;audSpec_Rfilt_sma[16]_quartile3;audSpec_Rfilt_sma[16]_iqr1-2;audSpec_Rfilt_sma[16]_iqr2-3;audSpec_Rfilt_sma[16]_iqr1-3;audSpec_Rfilt_sma[16]_percentile1.0;audSpec_Rfilt_sma[16]_percentile99.0;audSpec_Rfilt_sma[16]_pctlrange0-1;audSpec_Rfilt_sma[16]_stddev;audSpec_Rfilt_sma[16]_skewness;audSpec_Rfilt_sma[16]_kurtosis;audSpec_Rfilt_sma[16]_meanSegLen;audSpec_Rfilt_sma[16]_maxSegLen;audSpec_Rfilt_sma[16]_minSegLen;audSpec_Rfilt_sma[16]_segLenStddev;audSpec_Rfilt_sma[16]_upleveltime25;audSpec_Rfilt_sma[16]_upleveltime50;audSpec_Rfilt_sma[16]_upleveltime75;audSpec_Rfilt_sma[16]_upleveltime90;audSpec_Rfilt_sma[16]_risetime;audSpec_Rfilt_sma[16]_leftctime;audSpec_Rfilt_sma[16]_lpgain;audSpec_Rfilt_sma[16]_lpc0;audSpec_Rfilt_sma[16]_lpc1;audSpec_Rfilt_sma[16]_lpc2;audSpec_Rfilt_sma[16]_lpc3;audSpec_Rfilt_sma[16]_lpc4;audSpec_Rfilt_sma[17]_range;audSpec_Rfilt_sma[17]_maxPos;audSpec_Rfilt_sma[17]_minPos;audSpec_Rfilt_sma[17]_quartile1;audSpec_Rfilt_sma[17]_quartile2;audSpec_Rfilt_sma[17]_quartile3;audSpec_Rfilt_sma[17]_iqr1-2;audSpec_Rfilt_sma[17]_iqr2-3;audSpec_Rfilt_sma[17]_iqr1-3;audSpec_Rfilt_sma[17]_percentile1.0;audSpec_Rfilt_sma[17]_percentile99.0;audSpec_Rfilt_sma[17]_pctlrange0-1;audSpec_Rfilt_sma[17]_stddev;audSpec_Rfilt_sma[17]_skewness;audSpec_Rfilt_sma[17]_kurtosis;audSpec_Rfilt_sma[17]_meanSegLen;audSpec_Rfilt_sma[17]_maxSegLen;audSpec_Rfilt_sma[17]_minSegLen;audSpec_Rfilt_sma[17]_segLenStddev;audSpec_Rfilt_sma[17]_upleveltime25;audSpec_Rfilt_sma[17]_upleveltime50;audSpec_Rfilt_sma[17]_upleveltime75;audSpec_Rfilt_sma[17]_upleveltime90;audSpec_Rfilt_sma[17]_risetime;audSpec_Rfilt_sma[17]_leftctime;audSpec_Rfilt_sma[17]_lpgain;audSpec_Rfilt_sma[17]_lpc0;audSpec_Rfilt_sma[17]_lpc1;audSpec_Rfilt_sma[17]_lpc2;audSpec_Rfilt_sma[17]_lpc3;audSpec_Rfilt_sma[17]_lpc4;audSpec_Rfilt_sma[18]_range;audSpec_Rfilt_sma[18]_maxPos;audSpec_Rfilt_sma[18]_minPos;audSpec_Rfilt_sma[18]_quartile1;audSpec_Rfilt_sma[18]_quartile2;audSpec_Rfilt_sma[18]_quartile3;audSpec_Rfilt_sma[18]_iqr1-2;audSpec_Rfilt_sma[18]_iqr2-3;audSpec_Rfilt_sma[18]_iqr1-3;audSpec_Rfilt_sma[18]_percentile1.0;audSpec_Rfilt_sma[18]_percentile99.0;audSpec_Rfilt_sma[18]_pctlrange0-1;audSpec_Rfilt_sma[18]_stddev;audSpec_Rfilt_sma[18]_skewness;audSpec_Rfilt_sma[18]_kurtosis;audSpec_Rfilt_sma[18]_meanSegLen;audSpec_Rfilt_sma[18]_maxSegLen;audSpec_Rfilt_sma[18]_minSegLen;audSpec_Rfilt_sma[18]_segLenStddev;audSpec_Rfilt_sma[18]_upleveltime25;audSpec_Rfilt_sma[18]_upleveltime50;audSpec_Rfilt_sma[18]_upleveltime75;audSpec_Rfilt_sma[18]_upleveltime90;audSpec_Rfilt_sma[18]_risetime;audSpec_Rfilt_sma[18]_leftctime;audSpec_Rfilt_sma[18]_lpgain;audSpec_Rfilt_sma[18]_lpc0;audSpec_Rfilt_sma[18]_lpc1;audSpec_Rfilt_sma[18]_lpc2;audSpec_Rfilt_sma[18]_lpc3;audSpec_Rfilt_sma[18]_lpc4;audSpec_Rfilt_sma[19]_range;audSpec_Rfilt_sma[19]_maxPos;audSpec_Rfilt_sma[19]_minPos;audSpec_Rfilt_sma[19]_quartile1;audSpec_Rfilt_sma[19]_quartile2;audSpec_Rfilt_sma[19]_quartile3;audSpec_Rfilt_sma[19]_iqr1-2;audSpec_Rfilt_sma[19]_iqr2-3;audSpec_Rfilt_sma[19]_iqr1-3;audSpec_Rfilt_sma[19]_percentile1.0;audSpec_Rfilt_sma[19]_percentile99.0;audSpec_Rfilt_sma[19]_pctlrange0-1;audSpec_Rfilt_sma[19]_stddev;audSpec_Rfilt_sma[19]_skewness;audSpec_Rfilt_sma[19]_kurtosis;audSpec_Rfilt_sma[19]_meanSegLen;audSpec_Rfilt_sma[19]_maxSegLen;audSpec_Rfilt_sma[19]_minSegLen;audSpec_Rfilt_sma[19]_segLenStddev;audSpec_Rfilt_sma[19]_upleveltime25;audSpec_Rfilt_sma[19]_upleveltime50;audSpec_Rfilt_sma[19]_upleveltime75;audSpec_Rfilt_sma[19]_upleveltime90;audSpec_Rfilt_sma[19]_risetime;audSpec_Rfilt_sma[19]_leftctime;audSpec_Rfilt_sma[19]_lpgain;audSpec_Rfilt_sma[19]_lpc0;audSpec_Rfilt_sma[19]_lpc1;audSpec_Rfilt_sma[19]_lpc2;audSpec_Rfilt_sma[19]_lpc3;audSpec_Rfilt_sma[19]_lpc4;audSpec_Rfilt_sma[20]_range;audSpec_Rfilt_sma[20]_maxPos;audSpec_Rfilt_sma[20]_minPos;audSpec_Rfilt_sma[20]_quartile1;audSpec_Rfilt_sma[20]_quartile2;audSpec_Rfilt_sma[20]_quartile3;audSpec_Rfilt_sma[20]_iqr1-2;audSpec_Rfilt_sma[20]_iqr2-3;audSpec_Rfilt_sma[20]_iqr1-3;audSpec_Rfilt_sma[20]_percentile1.0;audSpec_Rfilt_sma[20]_percentile99.0;audSpec_Rfilt_sma[20]_pctlrange0-1;audSpec_Rfilt_sma[20]_stddev;audSpec_Rfilt_sma[20]_skewness;audSpec_Rfilt_sma[20]_kurtosis;audSpec_Rfilt_sma[20]_meanSegLen;audSpec_Rfilt_sma[20]_maxSegLen;audSpec_Rfilt_sma[20]_minSegLen;audSpec_Rfilt_sma[20]_segLenStddev;audSpec_Rfilt_sma[20]_upleveltime25;audSpec_Rfilt_sma[20]_upleveltime50;audSpec_Rfilt_sma[20]_upleveltime75;audSpec_Rfilt_sma[20]_upleveltime90;audSpec_Rfilt_sma[20]_risetime;audSpec_Rfilt_sma[20]_leftctime;audSpec_Rfilt_sma[20]_lpgain;audSpec_Rfilt_sma[20]_lpc0;audSpec_Rfilt_sma[20]_lpc1;audSpec_Rfilt_sma[20]_lpc2;audSpec_Rfilt_sma[20]_lpc3;audSpec_Rfilt_sma[20]_lpc4;audSpec_Rfilt_sma[21]_range;audSpec_Rfilt_sma[21]_maxPos;audSpec_Rfilt_sma[21]_minPos;audSpec_Rfilt_sma[21]_quartile1;audSpec_Rfilt_sma[21]_quartile2;audSpec_Rfilt_sma[21]_quartile3;audSpec_Rfilt_sma[21]_iqr1-2;audSpec_Rfilt_sma[21]_iqr2-3;audSpec_Rfilt_sma[21]_iqr1-3;audSpec_Rfilt_sma[21]_percentile1.0;audSpec_Rfilt_sma[21]_percentile99.0;audSpec_Rfilt_sma[21]_pctlrange0-1;audSpec_Rfilt_sma[21]_stddev;audSpec_Rfilt_sma[21]_skewness;audSpec_Rfilt_sma[21]_kurtosis;audSpec_Rfilt_sma[21]_meanSegLen;audSpec_Rfilt_sma[21]_maxSegLen;audSpec_Rfilt_sma[21]_minSegLen;audSpec_Rfilt_sma[21]_segLenStddev;audSpec_Rfilt_sma[21]_upleveltime25;audSpec_Rfilt_sma[21]_upleveltime50;audSpec_Rfilt_sma[21]_upleveltime75;audSpec_Rfilt_sma[21]_upleveltime90;audSpec_Rfilt_sma[21]_risetime;audSpec_Rfilt_sma[21]_leftctime;audSpec_Rfilt_sma[21]_lpgain;audSpec_Rfilt_sma[21]_lpc0;audSpec_Rfilt_sma[21]_lpc1;audSpec_Rfilt_sma[21]_lpc2;audSpec_Rfilt_sma[21]_lpc3;audSpec_Rfilt_sma[21]_lpc4;audSpec_Rfilt_sma[22]_range;audSpec_Rfilt_sma[22]_maxPos;audSpec_Rfilt_sma[22]_minPos;audSpec_Rfilt_sma[22]_quartile1;audSpec_Rfilt_sma[22]_quartile2;audSpec_Rfilt_sma[22]_quartile3;audSpec_Rfilt_sma[22]_iqr1-2;audSpec_Rfilt_sma[22]_iqr2-3;audSpec_Rfilt_sma[22]_iqr1-3;audSpec_Rfilt_sma[22]_percentile1.0;audSpec_Rfilt_sma[22]_percentile99.0;audSpec_Rfilt_sma[22]_pctlrange0-1;audSpec_Rfilt_sma[22]_stddev;audSpec_Rfilt_sma[22]_skewness;audSpec_Rfilt_sma[22]_kurtosis;audSpec_Rfilt_sma[22]_meanSegLen;audSpec_Rfilt_sma[22]_maxSegLen;audSpec_Rfilt_sma[22]_minSegLen;audSpec_Rfilt_sma[22]_segLenStddev;audSpec_Rfilt_sma[22]_upleveltime25;audSpec_Rfilt_sma[22]_upleveltime50;audSpec_Rfilt_sma[22]_upleveltime75;audSpec_Rfilt_sma[22]_upleveltime90;audSpec_Rfilt_sma[22]_risetime;audSpec_Rfilt_sma[22]_leftctime;audSpec_Rfilt_sma[22]_lpgain;audSpec_Rfilt_sma[22]_lpc0;audSpec_Rfilt_sma[22]_lpc1;audSpec_Rfilt_sma[22]_lpc2;audSpec_Rfilt_sma[22]_lpc3;audSpec_Rfilt_sma[22]_lpc4;audSpec_Rfilt_sma[23]_range;audSpec_Rfilt_sma[23]_maxPos;audSpec_Rfilt_sma[23]_minPos;audSpec_Rfilt_sma[23]_quartile1;audSpec_Rfilt_sma[23]_quartile2;audSpec_Rfilt_sma[23]_quartile3;audSpec_Rfilt_sma[23]_iqr1-2;audSpec_Rfilt_sma[23]_iqr2-3;audSpec_Rfilt_sma[23]_iqr1-3;audSpec_Rfilt_sma[23]_percentile1.0;audSpec_Rfilt_sma[23]_percentile99.0;audSpec_Rfilt_sma[23]_pctlrange0-1;audSpec_Rfilt_sma[23]_stddev;audSpec_Rfilt_sma[23]_skewness;audSpec_Rfilt_sma[23]_kurtosis;audSpec_Rfilt_sma[23]_meanSegLen;audSpec_Rfilt_sma[23]_maxSegLen;audSpec_Rfilt_sma[23]_minSegLen;audSpec_Rfilt_sma[23]_segLenStddev;audSpec_Rfilt_sma[23]_upleveltime25;audSpec_Rfilt_sma[23]_upleveltime50;audSpec_Rfilt_sma[23]_upleveltime75;audSpec_Rfilt_sma[23]_upleveltime90;audSpec_Rfilt_sma[23]_risetime;audSpec_Rfilt_sma[23]_leftctime;audSpec_Rfilt_sma[23]_lpgain;audSpec_Rfilt_sma[23]_lpc0;audSpec_Rfilt_sma[23]_lpc1;audSpec_Rfilt_sma[23]_lpc2;audSpec_Rfilt_sma[23]_lpc3;audSpec_Rfilt_sma[23]_lpc4;audSpec_Rfilt_sma[24]_range;audSpec_Rfilt_sma[24]_maxPos;audSpec_Rfilt_sma[24]_minPos;audSpec_Rfilt_sma[24]_quartile1;audSpec_Rfilt_sma[24]_quartile2;audSpec_Rfilt_sma[24]_quartile3;audSpec_Rfilt_sma[24]_iqr1-2;audSpec_Rfilt_sma[24]_iqr2-3;audSpec_Rfilt_sma[24]_iqr1-3;audSpec_Rfilt_sma[24]_percentile1.0;audSpec_Rfilt_sma[24]_percentile99.0;audSpec_Rfilt_sma[24]_pctlrange0-1;audSpec_Rfilt_sma[24]_stddev;audSpec_Rfilt_sma[24]_skewness;audSpec_Rfilt_sma[24]_kurtosis;audSpec_Rfilt_sma[24]_meanSegLen;audSpec_Rfilt_sma[24]_maxSegLen;audSpec_Rfilt_sma[24]_minSegLen;audSpec_Rfilt_sma[24]_segLenStddev;audSpec_Rfilt_sma[24]_upleveltime25;audSpec_Rfilt_sma[24]_upleveltime50;audSpec_Rfilt_sma[24]_upleveltime75;audSpec_Rfilt_sma[24]_upleveltime90;audSpec_Rfilt_sma[24]_risetime;audSpec_Rfilt_sma[24]_leftctime;audSpec_Rfilt_sma[24]_lpgain;audSpec_Rfilt_sma[24]_lpc0;audSpec_Rfilt_sma[24]_lpc1;audSpec_Rfilt_sma[24]_lpc2;audSpec_Rfilt_sma[24]_lpc3;audSpec_Rfilt_sma[24]_lpc4;audSpec_Rfilt_sma[25]_range;audSpec_Rfilt_sma[25]_maxPos;audSpec_Rfilt_sma[25]_minPos;audSpec_Rfilt_sma[25]_quartile1;audSpec_Rfilt_sma[25]_quartile2;audSpec_Rfilt_sma[25]_quartile3;audSpec_Rfilt_sma[25]_iqr1-2;audSpec_Rfilt_sma[25]_iqr2-3;audSpec_Rfilt_sma[25]_iqr1-3;audSpec_Rfilt_sma[25]_percentile1.0;audSpec_Rfilt_sma[25]_percentile99.0;audSpec_Rfilt_sma[25]_pctlrange0-1;audSpec_Rfilt_sma[25]_stddev;audSpec_Rfilt_sma[25]_skewness;audSpec_Rfilt_sma[25]_kurtosis;audSpec_Rfilt_sma[25]_meanSegLen;audSpec_Rfilt_sma[25]_maxSegLen;audSpec_Rfilt_sma[25]_minSegLen;audSpec_Rfilt_sma[25]_segLenStddev;audSpec_Rfilt_sma[25]_upleveltime25;audSpec_Rfilt_sma[25]_upleveltime50;audSpec_Rfilt_sma[25]_upleveltime75;audSpec_Rfilt_sma[25]_upleveltime90;audSpec_Rfilt_sma[25]_risetime;audSpec_Rfilt_sma[25]_leftctime;audSpec_Rfilt_sma[25]_lpgain;audSpec_Rfilt_sma[25]_lpc0;audSpec_Rfilt_sma[25]_lpc1;audSpec_Rfilt_sma[25]_lpc2;audSpec_Rfilt_sma[25]_lpc3;audSpec_Rfilt_sma[25]_lpc4;pcm_fftMag_fband250-650_sma_range;pcm_fftMag_fband250-650_sma_maxPos;pcm_fftMag_fband250-650_sma_minPos;pcm_fftMag_fband250-650_sma_quartile1;pcm_fftMag_fband250-650_sma_quartile2;pcm_fftMag_fband250-650_sma_quartile3;pcm_fftMag_fband250-650_sma_iqr1-2;pcm_fftMag_fband250-650_sma_iqr2-3;pcm_fftMag_fband250-650_sma_iqr1-3;pcm_fftMag_fband250-650_sma_percentile1.0;pcm_fftMag_fband250-650_sma_percentile99.0;pcm_fftMag_fband250-650_sma_pctlrange0-1;pcm_fftMag_fband250-650_sma_stddev;pcm_fftMag_fband250-650_sma_skewness;pcm_fftMag_fband250-650_sma_kurtosis;pcm_fftMag_fband250-650_sma_meanSegLen;pcm_fftMag_fband250-650_sma_maxSegLen;pcm_fftMag_fband250-650_sma_minSegLen;pcm_fftMag_fband250-650_sma_segLenStddev;pcm_fftMag_fband250-650_sma_upleveltime25;pcm_fftMag_fband250-650_sma_upleveltime50;pcm_fftMag_fband250-650_sma_upleveltime75;pcm_fftMag_fband250-650_sma_upleveltime90;pcm_fftMag_fband250-650_sma_risetime;pcm_fftMag_fband250-650_sma_leftctime;pcm_fftMag_fband250-650_sma_lpgain;pcm_fftMag_fband250-650_sma_lpc0;pcm_fftMag_fband250-650_sma_lpc1;pcm_fftMag_fband250-650_sma_lpc2;pcm_fftMag_fband250-650_sma_lpc3;pcm_fftMag_fband250-650_sma_lpc4;pcm_fftMag_fband1000-4000_sma_range;pcm_fftMag_fband1000-4000_sma_maxPos;pcm_fftMag_fband1000-4000_sma_minPos;pcm_fftMag_fband1000-4000_sma_quartile1;pcm_fftMag_fband1000-4000_sma_quartile2;pcm_fftMag_fband1000-4000_sma_quartile3;pcm_fftMag_fband1000-4000_sma_iqr1-2;pcm_fftMag_fband1000-4000_sma_iqr2-3;pcm_fftMag_fband1000-4000_sma_iqr1-3;pcm_fftMag_fband1000-4000_sma_percentile1.0;pcm_fftMag_fband1000-4000_sma_percentile99.0;pcm_fftMag_fband1000-4000_sma_pctlrange0-1;pcm_fftMag_fband1000-4000_sma_stddev;pcm_fftMag_fband1000-4000_sma_skewness;pcm_fftMag_fband1000-4000_sma_kurtosis;pcm_fftMag_fband1000-4000_sma_meanSegLen;pcm_fftMag_fband1000-4000_sma_maxSegLen;pcm_fftMag_fband1000-4000_sma_minSegLen;pcm_fftMag_fband1000-4000_sma_segLenStddev;pcm_fftMag_fband1000-4000_sma_upleveltime25;pcm_fftMag_fband1000-4000_sma_upleveltime50;pcm_fftMag_fband1000-4000_sma_upleveltime75;pcm_fftMag_fband1000-4000_sma_upleveltime90;pcm_fftMag_fband1000-4000_sma_risetime;pcm_fftMag_fband1000-4000_sma_leftctime;pcm_fftMag_fband1000-4000_sma_lpgain;pcm_fftMag_fband1000-4000_sma_lpc0;pcm_fftMag_fband1000-4000_sma_lpc1;pcm_fftMag_fband1000-4000_sma_lpc2;pcm_fftMag_fband1000-4000_sma_lpc3;pcm_fftMag_fband1000-4000_sma_lpc4;pcm_fftMag_spectralRollOff25.0_sma_range;pcm_fftMag_spectralRollOff25.0_sma_maxPos;pcm_fftMag_spectralRollOff25.0_sma_minPos;pcm_fftMag_spectralRollOff25.0_sma_quartile1;pcm_fftMag_spectralRollOff25.0_sma_quartile2;pcm_fftMag_spectralRollOff25.0_sma_quartile3;pcm_fftMag_spectralRollOff25.0_sma_iqr1-2;pcm_fftMag_spectralRollOff25.0_sma_iqr2-3;pcm_fftMag_spectralRollOff25.0_sma_iqr1-3;pcm_fftMag_spectralRollOff25.0_sma_percentile1.0;pcm_fftMag_spectralRollOff25.0_sma_percentile99.0;pcm_fftMag_spectralRollOff25.0_sma_pctlrange0-1;pcm_fftMag_spectralRollOff25.0_sma_stddev;pcm_fftMag_spectralRollOff25.0_sma_skewness;pcm_fftMag_spectralRollOff25.0_sma_kurtosis;pcm_fftMag_spectralRollOff25.0_sma_meanSegLen;pcm_fftMag_spectralRollOff25.0_sma_maxSegLen;pcm_fftMag_spectralRollOff25.0_sma_minSegLen;pcm_fftMag_spectralRollOff25.0_sma_segLenStddev;pcm_fftMag_spectralRollOff25.0_sma_upleveltime25;pcm_fftMag_spectralRollOff25.0_sma_upleveltime50;pcm_fftMag_spectralRollOff25.0_sma_upleveltime75;pcm_fftMag_spectralRollOff25.0_sma_upleveltime90;pcm_fftMag_spectralRollOff25.0_sma_risetime;pcm_fftMag_spectralRollOff25.0_sma_leftctime;pcm_fftMag_spectralRollOff25.0_sma_lpgain;pcm_fftMag_spectralRollOff25.0_sma_lpc0;pcm_fftMag_spectralRollOff25.0_sma_lpc1;pcm_fftMag_spectralRollOff25.0_sma_lpc2;pcm_fftMag_spectralRollOff25.0_sma_lpc3;pcm_fftMag_spectralRollOff25.0_sma_lpc4;pcm_fftMag_spectralRollOff50.0_sma_range;pcm_fftMag_spectralRollOff50.0_sma_maxPos;pcm_fftMag_spectralRollOff50.0_sma_minPos;pcm_fftMag_spectralRollOff50.0_sma_quartile1;pcm_fftMag_spectralRollOff50.0_sma_quartile2;pcm_fftMag_spectralRollOff50.0_sma_quartile3;pcm_fftMag_spectralRollOff50.0_sma_iqr1-2;pcm_fftMag_spectralRollOff50.0_sma_iqr2-3;pcm_fftMag_spectralRollOff50.0_sma_iqr1-3;pcm_fftMag_spectralRollOff50.0_sma_percentile1.0;pcm_fftMag_spectralRollOff50.0_sma_percentile99.0;pcm_fftMag_spectralRollOff50.0_sma_pctlrange0-1;pcm_fftMag_spectralRollOff50.0_sma_stddev;pcm_fftMag_spectralRollOff50.0_sma_skewness;pcm_fftMag_spectralRollOff50.0_sma_kurtosis;pcm_fftMag_spectralRollOff50.0_sma_meanSegLen;pcm_fftMag_spectralRollOff50.0_sma_maxSegLen;pcm_fftMag_spectralRollOff50.0_sma_minSegLen;pcm_fftMag_spectralRollOff50.0_sma_segLenStddev;pcm_fftMag_spectralRollOff50.0_sma_upleveltime25;pcm_fftMag_spectralRollOff50.0_sma_upleveltime50;pcm_fftMag_spectralRollOff50.0_sma_upleveltime75;pcm_fftMag_spectralRollOff50.0_sma_upleveltime90;pcm_fftMag_spectralRollOff50.0_sma_risetime;pcm_fftMag_spectralRollOff50.0_sma_leftctime;pcm_fftMag_spectralRollOff50.0_sma_lpgain;pcm_fftMag_spectralRollOff50.0_sma_lpc0;pcm_fftMag_spectralRollOff50.0_sma_lpc1;pcm_fftMag_spectralRollOff50.0_sma_lpc2;pcm_fftMag_spectralRollOff50.0_sma_lpc3;pcm_fftMag_spectralRollOff50.0_sma_lpc4;pcm_fftMag_spectralRollOff75.0_sma_range;pcm_fftMag_spectralRollOff75.0_sma_maxPos;pcm_fftMag_spectralRollOff75.0_sma_minPos;pcm_fftMag_spectralRollOff75.0_sma_quartile1;pcm_fftMag_spectralRollOff75.0_sma_quartile2;pcm_fftMag_spectralRollOff75.0_sma_quartile3;pcm_fftMag_spectralRollOff75.0_sma_iqr1-2;pcm_fftMag_spectralRollOff75.0_sma_iqr2-3;pcm_fftMag_spectralRollOff75.0_sma_iqr1-3;pcm_fftMag_spectralRollOff75.0_sma_percentile1.0;pcm_fftMag_spectralRollOff75.0_sma_percentile99.0;pcm_fftMag_spectralRollOff75.0_sma_pctlrange0-1;pcm_fftMag_spectralRollOff75.0_sma_stddev;pcm_fftMag_spectralRollOff75.0_sma_skewness;pcm_fftMag_spectralRollOff75.0_sma_kurtosis;pcm_fftMag_spectralRollOff75.0_sma_meanSegLen;pcm_fftMag_spectralRollOff75.0_sma_maxSegLen;pcm_fftMag_spectralRollOff75.0_sma_minSegLen;pcm_fftMag_spectralRollOff75.0_sma_segLenStddev;pcm_fftMag_spectralRollOff75.0_sma_upleveltime25;pcm_fftMag_spectralRollOff75.0_sma_upleveltime50;pcm_fftMag_spectralRollOff75.0_sma_upleveltime75;pcm_fftMag_spectralRollOff75.0_sma_upleveltime90;pcm_fftMag_spectralRollOff75.0_sma_risetime;pcm_fftMag_spectralRollOff75.0_sma_leftctime;pcm_fftMag_spectralRollOff75.0_sma_lpgain;pcm_fftMag_spectralRollOff75.0_sma_lpc0;pcm_fftMag_spectralRollOff75.0_sma_lpc1;pcm_fftMag_spectralRollOff75.0_sma_lpc2;pcm_fftMag_spectralRollOff75.0_sma_lpc3;pcm_fftMag_spectralRollOff75.0_sma_lpc4;pcm_fftMag_spectralRollOff90.0_sma_range;pcm_fftMag_spectralRollOff90.0_sma_maxPos;pcm_fftMag_spectralRollOff90.0_sma_minPos;pcm_fftMag_spectralRollOff90.0_sma_quartile1;pcm_fftMag_spectralRollOff90.0_sma_quartile2;pcm_fftMag_spectralRollOff90.0_sma_quartile3;pcm_fftMag_spectralRollOff90.0_sma_iqr1-2;pcm_fftMag_spectralRollOff90.0_sma_iqr2-3;pcm_fftMag_spectralRollOff90.0_sma_iqr1-3;pcm_fftMag_spectralRollOff90.0_sma_percentile1.0;pcm_fftMag_spectralRollOff90.0_sma_percentile99.0;pcm_fftMag_spectralRollOff90.0_sma_pctlrange0-1;pcm_fftMag_spectralRollOff90.0_sma_stddev;pcm_fftMag_spectralRollOff90.0_sma_skewness;pcm_fftMag_spectralRollOff90.0_sma_kurtosis;pcm_fftMag_spectralRollOff90.0_sma_meanSegLen;pcm_fftMag_spectralRollOff90.0_sma_maxSegLen;pcm_fftMag_spectralRollOff90.0_sma_minSegLen;pcm_fftMag_spectralRollOff90.0_sma_segLenStddev;pcm_fftMag_spectralRollOff90.0_sma_upleveltime25;pcm_fftMag_spectralRollOff90.0_sma_upleveltime50;pcm_fftMag_spectralRollOff90.0_sma_upleveltime75;pcm_fftMag_spectralRollOff90.0_sma_upleveltime90;pcm_fftMag_spectralRollOff90.0_sma_risetime;pcm_fftMag_spectralRollOff90.0_sma_leftctime;pcm_fftMag_spectralRollOff90.0_sma_lpgain;pcm_fftMag_spectralRollOff90.0_sma_lpc0;pcm_fftMag_spectralRollOff90.0_sma_lpc1;pcm_fftMag_spectralRollOff90.0_sma_lpc2;pcm_fftMag_spectralRollOff90.0_sma_lpc3;pcm_fftMag_spectralRollOff90.0_sma_lpc4;pcm_fftMag_spectralFlux_sma_range;pcm_fftMag_spectralFlux_sma_maxPos;pcm_fftMag_spectralFlux_sma_minPos;pcm_fftMag_spectralFlux_sma_quartile1;pcm_fftMag_spectralFlux_sma_quartile2;pcm_fftMag_spectralFlux_sma_quartile3;pcm_fftMag_spectralFlux_sma_iqr1-2;pcm_fftMag_spectralFlux_sma_iqr2-3;pcm_fftMag_spectralFlux_sma_iqr1-3;pcm_fftMag_spectralFlux_sma_percentile1.0;pcm_fftMag_spectralFlux_sma_percentile99.0;pcm_fftMag_spectralFlux_sma_pctlrange0-1;pcm_fftMag_spectralFlux_sma_stddev;pcm_fftMag_spectralFlux_sma_skewness;pcm_fftMag_spectralFlux_sma_kurtosis;pcm_fftMag_spectralFlux_sma_meanSegLen;pcm_fftMag_spectralFlux_sma_maxSegLen;pcm_fftMag_spectralFlux_sma_minSegLen;pcm_fftMag_spectralFlux_sma_segLenStddev;pcm_fftMag_spectralFlux_sma_upleveltime25;pcm_fftMag_spectralFlux_sma_upleveltime50;pcm_fftMag_spectralFlux_sma_upleveltime75;pcm_fftMag_spectralFlux_sma_upleveltime90;pcm_fftMag_spectralFlux_sma_risetime;pcm_fftMag_spectralFlux_sma_leftctime;pcm_fftMag_spectralFlux_sma_lpgain;pcm_fftMag_spectralFlux_sma_lpc0;pcm_fftMag_spectralFlux_sma_lpc1;pcm_fftMag_spectralFlux_sma_lpc2;pcm_fftMag_spectralFlux_sma_lpc3;pcm_fftMag_spectralFlux_sma_lpc4;pcm_fftMag_spectralCentroid_sma_range;pcm_fftMag_spectralCentroid_sma_maxPos;pcm_fftMag_spectralCentroid_sma_minPos;pcm_fftMag_spectralCentroid_sma_quartile1;pcm_fftMag_spectralCentroid_sma_quartile2;pcm_fftMag_spectralCentroid_sma_quartile3;pcm_fftMag_spectralCentroid_sma_iqr1-2;pcm_fftMag_spectralCentroid_sma_iqr2-3;pcm_fftMag_spectralCentroid_sma_iqr1-3;pcm_fftMag_spectralCentroid_sma_percentile1.0;pcm_fftMag_spectralCentroid_sma_percentile99.0;pcm_fftMag_spectralCentroid_sma_pctlrange0-1;pcm_fftMag_spectralCentroid_sma_stddev;pcm_fftMag_spectralCentroid_sma_skewness;pcm_fftMag_spectralCentroid_sma_kurtosis;pcm_fftMag_spectralCentroid_sma_meanSegLen;pcm_fftMag_spectralCentroid_sma_maxSegLen;pcm_fftMag_spectralCentroid_sma_minSegLen;pcm_fftMag_spectralCentroid_sma_segLenStddev;pcm_fftMag_spectralCentroid_sma_upleveltime25;pcm_fftMag_spectralCentroid_sma_upleveltime50;pcm_fftMag_spectralCentroid_sma_upleveltime75;pcm_fftMag_spectralCentroid_sma_upleveltime90;pcm_fftMag_spectralCentroid_sma_risetime;pcm_fftMag_spectralCentroid_sma_leftctime;pcm_fftMag_spectralCentroid_sma_lpgain;pcm_fftMag_spectralCentroid_sma_lpc0;pcm_fftMag_spectralCentroid_sma_lpc1;pcm_fftMag_spectralCentroid_sma_lpc2;pcm_fftMag_spectralCentroid_sma_lpc3;pcm_fftMag_spectralCentroid_sma_lpc4;pcm_fftMag_spectralEntropy_sma_range;pcm_fftMag_spectralEntropy_sma_maxPos;pcm_fftMag_spectralEntropy_sma_minPos;pcm_fftMag_spectralEntropy_sma_quartile1;pcm_fftMag_spectralEntropy_sma_quartile2;pcm_fftMag_spectralEntropy_sma_quartile3;pcm_fftMag_spectralEntropy_sma_iqr1-2;pcm_fftMag_spectralEntropy_sma_iqr2-3;pcm_fftMag_spectralEntropy_sma_iqr1-3;pcm_fftMag_spectralEntropy_sma_percentile1.0;pcm_fftMag_spectralEntropy_sma_percentile99.0;pcm_fftMag_spectralEntropy_sma_pctlrange0-1;pcm_fftMag_spectralEntropy_sma_stddev;pcm_fftMag_spectralEntropy_sma_skewness;pcm_fftMag_spectralEntropy_sma_kurtosis;pcm_fftMag_spectralEntropy_sma_meanSegLen;pcm_fftMag_spectralEntropy_sma_maxSegLen;pcm_fftMag_spectralEntropy_sma_minSegLen;pcm_fftMag_spectralEntropy_sma_segLenStddev;pcm_fftMag_spectralEntropy_sma_upleveltime25;pcm_fftMag_spectralEntropy_sma_upleveltime50;pcm_fftMag_spectralEntropy_sma_upleveltime75;pcm_fftMag_spectralEntropy_sma_upleveltime90;pcm_fftMag_spectralEntropy_sma_risetime;pcm_fftMag_spectralEntropy_sma_leftctime;pcm_fftMag_spectralEntropy_sma_lpgain;pcm_fftMag_spectralEntropy_sma_lpc0;pcm_fftMag_spectralEntropy_sma_lpc1;pcm_fftMag_spectralEntropy_sma_lpc2;pcm_fftMag_spectralEntropy_sma_lpc3;pcm_fftMag_spectralEntropy_sma_lpc4;pcm_fftMag_spectralVariance_sma_range;pcm_fftMag_spectralVariance_sma_maxPos;pcm_fftMag_spectralVariance_sma_minPos;pcm_fftMag_spectralVariance_sma_quartile1;pcm_fftMag_spectralVariance_sma_quartile2;pcm_fftMag_spectralVariance_sma_quartile3;pcm_fftMag_spectralVariance_sma_iqr1-2;pcm_fftMag_spectralVariance_sma_iqr2-3;pcm_fftMag_spectralVariance_sma_iqr1-3;pcm_fftMag_spectralVariance_sma_percentile1.0;pcm_fftMag_spectralVariance_sma_percentile99.0;pcm_fftMag_spectralVariance_sma_pctlrange0-1;pcm_fftMag_spectralVariance_sma_stddev;pcm_fftMag_spectralVariance_sma_skewness;pcm_fftMag_spectralVariance_sma_kurtosis;pcm_fftMag_spectralVariance_sma_meanSegLen;pcm_fftMag_spectralVariance_sma_maxSegLen;pcm_fftMag_spectralVariance_sma_minSegLen;pcm_fftMag_spectralVariance_sma_segLenStddev;pcm_fftMag_spectralVariance_sma_upleveltime25;pcm_fftMag_spectralVariance_sma_upleveltime50;pcm_fftMag_spectralVariance_sma_upleveltime75;pcm_fftMag_spectralVariance_sma_upleveltime90;pcm_fftMag_spectralVariance_sma_risetime;pcm_fftMag_spectralVariance_sma_leftctime;pcm_fftMag_spectralVariance_sma_lpgain;pcm_fftMag_spectralVariance_sma_lpc0;pcm_fftMag_spectralVariance_sma_lpc1;pcm_fftMag_spectralVariance_sma_lpc2;pcm_fftMag_spectralVariance_sma_lpc3;pcm_fftMag_spectralVariance_sma_lpc4;pcm_fftMag_spectralSkewness_sma_range;pcm_fftMag_spectralSkewness_sma_maxPos;pcm_fftMag_spectralSkewness_sma_minPos;pcm_fftMag_spectralSkewness_sma_quartile1;pcm_fftMag_spectralSkewness_sma_quartile2;pcm_fftMag_spectralSkewness_sma_quartile3;pcm_fftMag_spectralSkewness_sma_iqr1-2;pcm_fftMag_spectralSkewness_sma_iqr2-3;pcm_fftMag_spectralSkewness_sma_iqr1-3;pcm_fftMag_spectralSkewness_sma_percentile1.0;pcm_fftMag_spectralSkewness_sma_percentile99.0;pcm_fftMag_spectralSkewness_sma_pctlrange0-1;pcm_fftMag_spectralSkewness_sma_stddev;pcm_fftMag_spectralSkewness_sma_skewness;pcm_fftMag_spectralSkewness_sma_kurtosis;pcm_fftMag_spectralSkewness_sma_meanSegLen;pcm_fftMag_spectralSkewness_sma_maxSegLen;pcm_fftMag_spectralSkewness_sma_minSegLen;pcm_fftMag_spectralSkewness_sma_segLenStddev;pcm_fftMag_spectralSkewness_sma_upleveltime25;pcm_fftMag_spectralSkewness_sma_upleveltime50;pcm_fftMag_spectralSkewness_sma_upleveltime75;pcm_fftMag_spectralSkewness_sma_upleveltime90;pcm_fftMag_spectralSkewness_sma_risetime;pcm_fftMag_spectralSkewness_sma_leftctime;pcm_fftMag_spectralSkewness_sma_lpgain;pcm_fftMag_spectralSkewness_sma_lpc0;pcm_fftMag_spectralSkewness_sma_lpc1;pcm_fftMag_spectralSkewness_sma_lpc2;pcm_fftMag_spectralSkewness_sma_lpc3;pcm_fftMag_spectralSkewness_sma_lpc4;pcm_fftMag_spectralKurtosis_sma_range;pcm_fftMag_spectralKurtosis_sma_maxPos;pcm_fftMag_spectralKurtosis_sma_minPos;pcm_fftMag_spectralKurtosis_sma_quartile1;pcm_fftMag_spectralKurtosis_sma_quartile2;pcm_fftMag_spectralKurtosis_sma_quartile3;pcm_fftMag_spectralKurtosis_sma_iqr1-2;pcm_fftMag_spectralKurtosis_sma_iqr2-3;pcm_fftMag_spectralKurtosis_sma_iqr1-3;pcm_fftMag_spectralKurtosis_sma_percentile1.0;pcm_fftMag_spectralKurtosis_sma_percentile99.0;pcm_fftMag_spectralKurtosis_sma_pctlrange0-1;pcm_fftMag_spectralKurtosis_sma_stddev;pcm_fftMag_spectralKurtosis_sma_skewness;pcm_fftMag_spectralKurtosis_sma_kurtosis;pcm_fftMag_spectralKurtosis_sma_meanSegLen;pcm_fftMag_spectralKurtosis_sma_maxSegLen;pcm_fftMag_spectralKurtosis_sma_minSegLen;pcm_fftMag_spectralKurtosis_sma_segLenStddev;pcm_fftMag_spectralKurtosis_sma_upleveltime25;pcm_fftMag_spectralKurtosis_sma_upleveltime50;pcm_fftMag_spectralKurtosis_sma_upleveltime75;pcm_fftMag_spectralKurtosis_sma_upleveltime90;pcm_fftMag_spectralKurtosis_sma_risetime;pcm_fftMag_spectralKurtosis_sma_leftctime;pcm_fftMag_spectralKurtosis_sma_lpgain;pcm_fftMag_spectralKurtosis_sma_lpc0;pcm_fftMag_spectralKurtosis_sma_lpc1;pcm_fftMag_spectralKurtosis_sma_lpc2;pcm_fftMag_spectralKurtosis_sma_lpc3;pcm_fftMag_spectralKurtosis_sma_lpc4;pcm_fftMag_spectralSlope_sma_range;pcm_fftMag_spectralSlope_sma_maxPos;pcm_fftMag_spectralSlope_sma_minPos;pcm_fftMag_spectralSlope_sma_quartile1;pcm_fftMag_spectralSlope_sma_quartile2;pcm_fftMag_spectralSlope_sma_quartile3;pcm_fftMag_spectralSlope_sma_iqr1-2;pcm_fftMag_spectralSlope_sma_iqr2-3;pcm_fftMag_spectralSlope_sma_iqr1-3;pcm_fftMag_spectralSlope_sma_percentile1.0;pcm_fftMag_spectralSlope_sma_percentile99.0;pcm_fftMag_spectralSlope_sma_pctlrange0-1;pcm_fftMag_spectralSlope_sma_stddev;pcm_fftMag_spectralSlope_sma_skewness;pcm_fftMag_spectralSlope_sma_kurtosis;pcm_fftMag_spectralSlope_sma_meanSegLen;pcm_fftMag_spectralSlope_sma_maxSegLen;pcm_fftMag_spectralSlope_sma_minSegLen;pcm_fftMag_spectralSlope_sma_segLenStddev;pcm_fftMag_spectralSlope_sma_upleveltime25;pcm_fftMag_spectralSlope_sma_upleveltime50;pcm_fftMag_spectralSlope_sma_upleveltime75;pcm_fftMag_spectralSlope_sma_upleveltime90;pcm_fftMag_spectralSlope_sma_risetime;pcm_fftMag_spectralSlope_sma_leftctime;pcm_fftMag_spectralSlope_sma_lpgain;pcm_fftMag_spectralSlope_sma_lpc0;pcm_fftMag_spectralSlope_sma_lpc1;pcm_fftMag_spectralSlope_sma_lpc2;pcm_fftMag_spectralSlope_sma_lpc3;pcm_fftMag_spectralSlope_sma_lpc4;pcm_fftMag_psySharpness_sma_range;pcm_fftMag_psySharpness_sma_maxPos;pcm_fftMag_psySharpness_sma_minPos;pcm_fftMag_psySharpness_sma_quartile1;pcm_fftMag_psySharpness_sma_quartile2;pcm_fftMag_psySharpness_sma_quartile3;pcm_fftMag_psySharpness_sma_iqr1-2;pcm_fftMag_psySharpness_sma_iqr2-3;pcm_fftMag_psySharpness_sma_iqr1-3;pcm_fftMag_psySharpness_sma_percentile1.0;pcm_fftMag_psySharpness_sma_percentile99.0;pcm_fftMag_psySharpness_sma_pctlrange0-1;pcm_fftMag_psySharpness_sma_stddev;pcm_fftMag_psySharpness_sma_skewness;pcm_fftMag_psySharpness_sma_kurtosis;pcm_fftMag_psySharpness_sma_meanSegLen;pcm_fftMag_psySharpness_sma_maxSegLen;pcm_fftMag_psySharpness_sma_minSegLen;pcm_fftMag_psySharpness_sma_segLenStddev;pcm_fftMag_psySharpness_sma_upleveltime25;pcm_fftMag_psySharpness_sma_upleveltime50;pcm_fftMag_psySharpness_sma_upleveltime75;pcm_fftMag_psySharpness_sma_upleveltime90;pcm_fftMag_psySharpness_sma_risetime;pcm_fftMag_psySharpness_sma_leftctime;pcm_fftMag_psySharpness_sma_lpgain;pcm_fftMag_psySharpness_sma_lpc0;pcm_fftMag_psySharpness_sma_lpc1;pcm_fftMag_psySharpness_sma_lpc2;pcm_fftMag_psySharpness_sma_lpc3;pcm_fftMag_psySharpness_sma_lpc4;pcm_fftMag_spectralHarmonicity_sma_range;pcm_fftMag_spectralHarmonicity_sma_maxPos;pcm_fftMag_spectralHarmonicity_sma_minPos;pcm_fftMag_spectralHarmonicity_sma_quartile1;pcm_fftMag_spectralHarmonicity_sma_quartile2;pcm_fftMag_spectralHarmonicity_sma_quartile3;pcm_fftMag_spectralHarmonicity_sma_iqr1-2;pcm_fftMag_spectralHarmonicity_sma_iqr2-3;pcm_fftMag_spectralHarmonicity_sma_iqr1-3;pcm_fftMag_spectralHarmonicity_sma_percentile1.0;pcm_fftMag_spectralHarmonicity_sma_percentile99.0;pcm_fftMag_spectralHarmonicity_sma_pctlrange0-1;pcm_fftMag_spectralHarmonicity_sma_stddev;pcm_fftMag_spectralHarmonicity_sma_skewness;pcm_fftMag_spectralHarmonicity_sma_kurtosis;pcm_fftMag_spectralHarmonicity_sma_meanSegLen;pcm_fftMag_spectralHarmonicity_sma_maxSegLen;pcm_fftMag_spectralHarmonicity_sma_minSegLen;pcm_fftMag_spectralHarmonicity_sma_segLenStddev;pcm_fftMag_spectralHarmonicity_sma_upleveltime25;pcm_fftMag_spectralHarmonicity_sma_upleveltime50;pcm_fftMag_spectralHarmonicity_sma_upleveltime75;pcm_fftMag_spectralHarmonicity_sma_upleveltime90;pcm_fftMag_spectralHarmonicity_sma_risetime;pcm_fftMag_spectralHarmonicity_sma_leftctime;pcm_fftMag_spectralHarmonicity_sma_lpgain;pcm_fftMag_spectralHarmonicity_sma_lpc0;pcm_fftMag_spectralHarmonicity_sma_lpc1;pcm_fftMag_spectralHarmonicity_sma_lpc2;pcm_fftMag_spectralHarmonicity_sma_lpc3;pcm_fftMag_spectralHarmonicity_sma_lpc4;mfcc_sma[1]_range;mfcc_sma[1]_maxPos;mfcc_sma[1]_minPos;mfcc_sma[1]_quartile1;mfcc_sma[1]_quartile2;mfcc_sma[1]_quartile3;mfcc_sma[1]_iqr1-2;mfcc_sma[1]_iqr2-3;mfcc_sma[1]_iqr1-3;mfcc_sma[1]_percentile1.0;mfcc_sma[1]_percentile99.0;mfcc_sma[1]_pctlrange0-1;mfcc_sma[1]_stddev;mfcc_sma[1]_skewness;mfcc_sma[1]_kurtosis;mfcc_sma[1]_meanSegLen;mfcc_sma[1]_maxSegLen;mfcc_sma[1]_minSegLen;mfcc_sma[1]_segLenStddev;mfcc_sma[1]_upleveltime25;mfcc_sma[1]_upleveltime50;mfcc_sma[1]_upleveltime75;mfcc_sma[1]_upleveltime90;mfcc_sma[1]_risetime;mfcc_sma[1]_leftctime;mfcc_sma[1]_lpgain;mfcc_sma[1]_lpc0;mfcc_sma[1]_lpc1;mfcc_sma[1]_lpc2;mfcc_sma[1]_lpc3;mfcc_sma[1]_lpc4;mfcc_sma[2]_range;mfcc_sma[2]_maxPos;mfcc_sma[2]_minPos;mfcc_sma[2]_quartile1;mfcc_sma[2]_quartile2;mfcc_sma[2]_quartile3;mfcc_sma[2]_iqr1-2;mfcc_sma[2]_iqr2-3;mfcc_sma[2]_iqr1-3;mfcc_sma[2]_percentile1.0;mfcc_sma[2]_percentile99.0;mfcc_sma[2]_pctlrange0-1;mfcc_sma[2]_stddev;mfcc_sma[2]_skewness;mfcc_sma[2]_kurtosis;mfcc_sma[2]_meanSegLen;mfcc_sma[2]_maxSegLen;mfcc_sma[2]_minSegLen;mfcc_sma[2]_segLenStddev;mfcc_sma[2]_upleveltime25;mfcc_sma[2]_upleveltime50;mfcc_sma[2]_upleveltime75;mfcc_sma[2]_upleveltime90;mfcc_sma[2]_risetime;mfcc_sma[2]_leftctime;mfcc_sma[2]_lpgain;mfcc_sma[2]_lpc0;mfcc_sma[2]_lpc1;mfcc_sma[2]_lpc2;mfcc_sma[2]_lpc3;mfcc_sma[2]_lpc4;mfcc_sma[3]_range;mfcc_sma[3]_maxPos;mfcc_sma[3]_minPos;mfcc_sma[3]_quartile1;mfcc_sma[3]_quartile2;mfcc_sma[3]_quartile3;mfcc_sma[3]_iqr1-2;mfcc_sma[3]_iqr2-3;mfcc_sma[3]_iqr1-3;mfcc_sma[3]_percentile1.0;mfcc_sma[3]_percentile99.0;mfcc_sma[3]_pctlrange0-1;mfcc_sma[3]_stddev;mfcc_sma[3]_skewness;mfcc_sma[3]_kurtosis;mfcc_sma[3]_meanSegLen;mfcc_sma[3]_maxSegLen;mfcc_sma[3]_minSegLen;mfcc_sma[3]_segLenStddev;mfcc_sma[3]_upleveltime25;mfcc_sma[3]_upleveltime50;mfcc_sma[3]_upleveltime75;mfcc_sma[3]_upleveltime90;mfcc_sma[3]_risetime;mfcc_sma[3]_leftctime;mfcc_sma[3]_lpgain;mfcc_sma[3]_lpc0;mfcc_sma[3]_lpc1;mfcc_sma[3]_lpc2;mfcc_sma[3]_lpc3;mfcc_sma[3]_lpc4;mfcc_sma[4]_range;mfcc_sma[4]_maxPos;mfcc_sma[4]_minPos;mfcc_sma[4]_quartile1;mfcc_sma[4]_quartile2;mfcc_sma[4]_quartile3;mfcc_sma[4]_iqr1-2;mfcc_sma[4]_iqr2-3;mfcc_sma[4]_iqr1-3;mfcc_sma[4]_percentile1.0;mfcc_sma[4]_percentile99.0;mfcc_sma[4]_pctlrange0-1;mfcc_sma[4]_stddev;mfcc_sma[4]_skewness;mfcc_sma[4]_kurtosis;mfcc_sma[4]_meanSegLen;mfcc_sma[4]_maxSegLen;mfcc_sma[4]_minSegLen;mfcc_sma[4]_segLenStddev;mfcc_sma[4]_upleveltime25;mfcc_sma[4]_upleveltime50;mfcc_sma[4]_upleveltime75;mfcc_sma[4]_upleveltime90;mfcc_sma[4]_risetime;mfcc_sma[4]_leftctime;mfcc_sma[4]_lpgain;mfcc_sma[4]_lpc0;mfcc_sma[4]_lpc1;mfcc_sma[4]_lpc2;mfcc_sma[4]_lpc3;mfcc_sma[4]_lpc4;mfcc_sma[5]_range;mfcc_sma[5]_maxPos;mfcc_sma[5]_minPos;mfcc_sma[5]_quartile1;mfcc_sma[5]_quartile2;mfcc_sma[5]_quartile3;mfcc_sma[5]_iqr1-2;mfcc_sma[5]_iqr2-3;mfcc_sma[5]_iqr1-3;mfcc_sma[5]_percentile1.0;mfcc_sma[5]_percentile99.0;mfcc_sma[5]_pctlrange0-1;mfcc_sma[5]_stddev;mfcc_sma[5]_skewness;mfcc_sma[5]_kurtosis;mfcc_sma[5]_meanSegLen;mfcc_sma[5]_maxSegLen;mfcc_sma[5]_minSegLen;mfcc_sma[5]_segLenStddev;mfcc_sma[5]_upleveltime25;mfcc_sma[5]_upleveltime50;mfcc_sma[5]_upleveltime75;mfcc_sma[5]_upleveltime90;mfcc_sma[5]_risetime;mfcc_sma[5]_leftctime;mfcc_sma[5]_lpgain;mfcc_sma[5]_lpc0;mfcc_sma[5]_lpc1;mfcc_sma[5]_lpc2;mfcc_sma[5]_lpc3;mfcc_sma[5]_lpc4;mfcc_sma[6]_range;mfcc_sma[6]_maxPos;mfcc_sma[6]_minPos;mfcc_sma[6]_quartile1;mfcc_sma[6]_quartile2;mfcc_sma[6]_quartile3;mfcc_sma[6]_iqr1-2;mfcc_sma[6]_iqr2-3;mfcc_sma[6]_iqr1-3;mfcc_sma[6]_percentile1.0;mfcc_sma[6]_percentile99.0;mfcc_sma[6]_pctlrange0-1;mfcc_sma[6]_stddev;mfcc_sma[6]_skewness;mfcc_sma[6]_kurtosis;mfcc_sma[6]_meanSegLen;mfcc_sma[6]_maxSegLen;mfcc_sma[6]_minSegLen;mfcc_sma[6]_segLenStddev;mfcc_sma[6]_upleveltime25;mfcc_sma[6]_upleveltime50;mfcc_sma[6]_upleveltime75;mfcc_sma[6]_upleveltime90;mfcc_sma[6]_risetime;mfcc_sma[6]_leftctime;mfcc_sma[6]_lpgain;mfcc_sma[6]_lpc0;mfcc_sma[6]_lpc1;mfcc_sma[6]_lpc2;mfcc_sma[6]_lpc3;mfcc_sma[6]_lpc4;mfcc_sma[7]_range;mfcc_sma[7]_maxPos;mfcc_sma[7]_minPos;mfcc_sma[7]_quartile1;mfcc_sma[7]_quartile2;mfcc_sma[7]_quartile3;mfcc_sma[7]_iqr1-2;mfcc_sma[7]_iqr2-3;mfcc_sma[7]_iqr1-3;mfcc_sma[7]_percentile1.0;mfcc_sma[7]_percentile99.0;mfcc_sma[7]_pctlrange0-1;mfcc_sma[7]_stddev;mfcc_sma[7]_skewness;mfcc_sma[7]_kurtosis;mfcc_sma[7]_meanSegLen;mfcc_sma[7]_maxSegLen;mfcc_sma[7]_minSegLen;mfcc_sma[7]_segLenStddev;mfcc_sma[7]_upleveltime25;mfcc_sma[7]_upleveltime50;mfcc_sma[7]_upleveltime75;mfcc_sma[7]_upleveltime90;mfcc_sma[7]_risetime;mfcc_sma[7]_leftctime;mfcc_sma[7]_lpgain;mfcc_sma[7]_lpc0;mfcc_sma[7]_lpc1;mfcc_sma[7]_lpc2;mfcc_sma[7]_lpc3;mfcc_sma[7]_lpc4;mfcc_sma[8]_range;mfcc_sma[8]_maxPos;mfcc_sma[8]_minPos;mfcc_sma[8]_quartile1;mfcc_sma[8]_quartile2;mfcc_sma[8]_quartile3;mfcc_sma[8]_iqr1-2;mfcc_sma[8]_iqr2-3;mfcc_sma[8]_iqr1-3;mfcc_sma[8]_percentile1.0;mfcc_sma[8]_percentile99.0;mfcc_sma[8]_pctlrange0-1;mfcc_sma[8]_stddev;mfcc_sma[8]_skewness;mfcc_sma[8]_kurtosis;mfcc_sma[8]_meanSegLen;mfcc_sma[8]_maxSegLen;mfcc_sma[8]_minSegLen;mfcc_sma[8]_segLenStddev;mfcc_sma[8]_upleveltime25;mfcc_sma[8]_upleveltime50;mfcc_sma[8]_upleveltime75;mfcc_sma[8]_upleveltime90;mfcc_sma[8]_risetime;mfcc_sma[8]_leftctime;mfcc_sma[8]_lpgain;mfcc_sma[8]_lpc0;mfcc_sma[8]_lpc1;mfcc_sma[8]_lpc2;mfcc_sma[8]_lpc3;mfcc_sma[8]_lpc4;mfcc_sma[9]_range;mfcc_sma[9]_maxPos;mfcc_sma[9]_minPos;mfcc_sma[9]_quartile1;mfcc_sma[9]_quartile2;mfcc_sma[9]_quartile3;mfcc_sma[9]_iqr1-2;mfcc_sma[9]_iqr2-3;mfcc_sma[9]_iqr1-3;mfcc_sma[9]_percentile1.0;mfcc_sma[9]_percentile99.0;mfcc_sma[9]_pctlrange0-1;mfcc_sma[9]_stddev;mfcc_sma[9]_skewness;mfcc_sma[9]_kurtosis;mfcc_sma[9]_meanSegLen;mfcc_sma[9]_maxSegLen;mfcc_sma[9]_minSegLen;mfcc_sma[9]_segLenStddev;mfcc_sma[9]_upleveltime25;mfcc_sma[9]_upleveltime50;mfcc_sma[9]_upleveltime75;mfcc_sma[9]_upleveltime90;mfcc_sma[9]_risetime;mfcc_sma[9]_leftctime;mfcc_sma[9]_lpgain;mfcc_sma[9]_lpc0;mfcc_sma[9]_lpc1;mfcc_sma[9]_lpc2;mfcc_sma[9]_lpc3;mfcc_sma[9]_lpc4;mfcc_sma[10]_range;mfcc_sma[10]_maxPos;mfcc_sma[10]_minPos;mfcc_sma[10]_quartile1;mfcc_sma[10]_quartile2;mfcc_sma[10]_quartile3;mfcc_sma[10]_iqr1-2;mfcc_sma[10]_iqr2-3;mfcc_sma[10]_iqr1-3;mfcc_sma[10]_percentile1.0;mfcc_sma[10]_percentile99.0;mfcc_sma[10]_pctlrange0-1;mfcc_sma[10]_stddev;mfcc_sma[10]_skewness;mfcc_sma[10]_kurtosis;mfcc_sma[10]_meanSegLen;mfcc_sma[10]_maxSegLen;mfcc_sma[10]_minSegLen;mfcc_sma[10]_segLenStddev;mfcc_sma[10]_upleveltime25;mfcc_sma[10]_upleveltime50;mfcc_sma[10]_upleveltime75;mfcc_sma[10]_upleveltime90;mfcc_sma[10]_risetime;mfcc_sma[10]_leftctime;mfcc_sma[10]_lpgain;mfcc_sma[10]_lpc0;mfcc_sma[10]_lpc1;mfcc_sma[10]_lpc2;mfcc_sma[10]_lpc3;mfcc_sma[10]_lpc4;mfcc_sma[11]_range;mfcc_sma[11]_maxPos;mfcc_sma[11]_minPos;mfcc_sma[11]_quartile1;mfcc_sma[11]_quartile2;mfcc_sma[11]_quartile3;mfcc_sma[11]_iqr1-2;mfcc_sma[11]_iqr2-3;mfcc_sma[11]_iqr1-3;mfcc_sma[11]_percentile1.0;mfcc_sma[11]_percentile99.0;mfcc_sma[11]_pctlrange0-1;mfcc_sma[11]_stddev;mfcc_sma[11]_skewness;mfcc_sma[11]_kurtosis;mfcc_sma[11]_meanSegLen;mfcc_sma[11]_maxSegLen;mfcc_sma[11]_minSegLen;mfcc_sma[11]_segLenStddev;mfcc_sma[11]_upleveltime25;mfcc_sma[11]_upleveltime50;mfcc_sma[11]_upleveltime75;mfcc_sma[11]_upleveltime90;mfcc_sma[11]_risetime;mfcc_sma[11]_leftctime;mfcc_sma[11]_lpgain;mfcc_sma[11]_lpc0;mfcc_sma[11]_lpc1;mfcc_sma[11]_lpc2;mfcc_sma[11]_lpc3;mfcc_sma[11]_lpc4;mfcc_sma[12]_range;mfcc_sma[12]_maxPos;mfcc_sma[12]_minPos;mfcc_sma[12]_quartile1;mfcc_sma[12]_quartile2;mfcc_sma[12]_quartile3;mfcc_sma[12]_iqr1-2;mfcc_sma[12]_iqr2-3;mfcc_sma[12]_iqr1-3;mfcc_sma[12]_percentile1.0;mfcc_sma[12]_percentile99.0;mfcc_sma[12]_pctlrange0-1;mfcc_sma[12]_stddev;mfcc_sma[12]_skewness;mfcc_sma[12]_kurtosis;mfcc_sma[12]_meanSegLen;mfcc_sma[12]_maxSegLen;mfcc_sma[12]_minSegLen;mfcc_sma[12]_segLenStddev;mfcc_sma[12]_upleveltime25;mfcc_sma[12]_upleveltime50;mfcc_sma[12]_upleveltime75;mfcc_sma[12]_upleveltime90;mfcc_sma[12]_risetime;mfcc_sma[12]_leftctime;mfcc_sma[12]_lpgain;mfcc_sma[12]_lpc0;mfcc_sma[12]_lpc1;mfcc_sma[12]_lpc2;mfcc_sma[12]_lpc3;mfcc_sma[12]_lpc4;mfcc_sma[13]_range;mfcc_sma[13]_maxPos;mfcc_sma[13]_minPos;mfcc_sma[13]_quartile1;mfcc_sma[13]_quartile2;mfcc_sma[13]_quartile3;mfcc_sma[13]_iqr1-2;mfcc_sma[13]_iqr2-3;mfcc_sma[13]_iqr1-3;mfcc_sma[13]_percentile1.0;mfcc_sma[13]_percentile99.0;mfcc_sma[13]_pctlrange0-1;mfcc_sma[13]_stddev;mfcc_sma[13]_skewness;mfcc_sma[13]_kurtosis;mfcc_sma[13]_meanSegLen;mfcc_sma[13]_maxSegLen;mfcc_sma[13]_minSegLen;mfcc_sma[13]_segLenStddev;mfcc_sma[13]_upleveltime25;mfcc_sma[13]_upleveltime50;mfcc_sma[13]_upleveltime75;mfcc_sma[13]_upleveltime90;mfcc_sma[13]_risetime;mfcc_sma[13]_leftctime;mfcc_sma[13]_lpgain;mfcc_sma[13]_lpc0;mfcc_sma[13]_lpc1;mfcc_sma[13]_lpc2;mfcc_sma[13]_lpc3;mfcc_sma[13]_lpc4;mfcc_sma[14]_range;mfcc_sma[14]_maxPos;mfcc_sma[14]_minPos;mfcc_sma[14]_quartile1;mfcc_sma[14]_quartile2;mfcc_sma[14]_quartile3;mfcc_sma[14]_iqr1-2;mfcc_sma[14]_iqr2-3;mfcc_sma[14]_iqr1-3;mfcc_sma[14]_percentile1.0;mfcc_sma[14]_percentile99.0;mfcc_sma[14]_pctlrange0-1;mfcc_sma[14]_stddev;mfcc_sma[14]_skewness;mfcc_sma[14]_kurtosis;mfcc_sma[14]_meanSegLen;mfcc_sma[14]_maxSegLen;mfcc_sma[14]_minSegLen;mfcc_sma[14]_segLenStddev;mfcc_sma[14]_upleveltime25;mfcc_sma[14]_upleveltime50;mfcc_sma[14]_upleveltime75;mfcc_sma[14]_upleveltime90;mfcc_sma[14]_risetime;mfcc_sma[14]_leftctime;mfcc_sma[14]_lpgain;mfcc_sma[14]_lpc0;mfcc_sma[14]_lpc1;mfcc_sma[14]_lpc2;mfcc_sma[14]_lpc3;mfcc_sma[14]_lpc4;audSpec_Rfilt_sma_de[0]_range;audSpec_Rfilt_sma_de[0]_maxPos;audSpec_Rfilt_sma_de[0]_minPos;audSpec_Rfilt_sma_de[0]_quartile1;audSpec_Rfilt_sma_de[0]_quartile2;audSpec_Rfilt_sma_de[0]_quartile3;audSpec_Rfilt_sma_de[0]_iqr1-2;audSpec_Rfilt_sma_de[0]_iqr2-3;audSpec_Rfilt_sma_de[0]_iqr1-3;audSpec_Rfilt_sma_de[0]_percentile1.0;audSpec_Rfilt_sma_de[0]_percentile99.0;audSpec_Rfilt_sma_de[0]_pctlrange0-1;audSpec_Rfilt_sma_de[0]_stddev;audSpec_Rfilt_sma_de[0]_skewness;audSpec_Rfilt_sma_de[0]_kurtosis;audSpec_Rfilt_sma_de[0]_meanSegLen;audSpec_Rfilt_sma_de[0]_maxSegLen;audSpec_Rfilt_sma_de[0]_minSegLen;audSpec_Rfilt_sma_de[0]_segLenStddev;audSpec_Rfilt_sma_de[0]_upleveltime25;audSpec_Rfilt_sma_de[0]_upleveltime50;audSpec_Rfilt_sma_de[0]_upleveltime75;audSpec_Rfilt_sma_de[0]_upleveltime90;audSpec_Rfilt_sma_de[0]_risetime;audSpec_Rfilt_sma_de[0]_leftctime;audSpec_Rfilt_sma_de[0]_lpgain;audSpec_Rfilt_sma_de[0]_lpc0;audSpec_Rfilt_sma_de[0]_lpc1;audSpec_Rfilt_sma_de[0]_lpc2;audSpec_Rfilt_sma_de[0]_lpc3;audSpec_Rfilt_sma_de[0]_lpc4;audSpec_Rfilt_sma_de[1]_range;audSpec_Rfilt_sma_de[1]_maxPos;audSpec_Rfilt_sma_de[1]_minPos;audSpec_Rfilt_sma_de[1]_quartile1;audSpec_Rfilt_sma_de[1]_quartile2;audSpec_Rfilt_sma_de[1]_quartile3;audSpec_Rfilt_sma_de[1]_iqr1-2;audSpec_Rfilt_sma_de[1]_iqr2-3;audSpec_Rfilt_sma_de[1]_iqr1-3;audSpec_Rfilt_sma_de[1]_percentile1.0;audSpec_Rfilt_sma_de[1]_percentile99.0;audSpec_Rfilt_sma_de[1]_pctlrange0-1;audSpec_Rfilt_sma_de[1]_stddev;audSpec_Rfilt_sma_de[1]_skewness;audSpec_Rfilt_sma_de[1]_kurtosis;audSpec_Rfilt_sma_de[1]_meanSegLen;audSpec_Rfilt_sma_de[1]_maxSegLen;audSpec_Rfilt_sma_de[1]_minSegLen;audSpec_Rfilt_sma_de[1]_segLenStddev;audSpec_Rfilt_sma_de[1]_upleveltime25;audSpec_Rfilt_sma_de[1]_upleveltime50;audSpec_Rfilt_sma_de[1]_upleveltime75;audSpec_Rfilt_sma_de[1]_upleveltime90;audSpec_Rfilt_sma_de[1]_risetime;audSpec_Rfilt_sma_de[1]_leftctime;audSpec_Rfilt_sma_de[1]_lpgain;audSpec_Rfilt_sma_de[1]_lpc0;audSpec_Rfilt_sma_de[1]_lpc1;audSpec_Rfilt_sma_de[1]_lpc2;audSpec_Rfilt_sma_de[1]_lpc3;audSpec_Rfilt_sma_de[1]_lpc4;audSpec_Rfilt_sma_de[2]_range;audSpec_Rfilt_sma_de[2]_maxPos;audSpec_Rfilt_sma_de[2]_minPos;audSpec_Rfilt_sma_de[2]_quartile1;audSpec_Rfilt_sma_de[2]_quartile2;audSpec_Rfilt_sma_de[2]_quartile3;audSpec_Rfilt_sma_de[2]_iqr1-2;audSpec_Rfilt_sma_de[2]_iqr2-3;audSpec_Rfilt_sma_de[2]_iqr1-3;audSpec_Rfilt_sma_de[2]_percentile1.0;audSpec_Rfilt_sma_de[2]_percentile99.0;audSpec_Rfilt_sma_de[2]_pctlrange0-1;audSpec_Rfilt_sma_de[2]_stddev;audSpec_Rfilt_sma_de[2]_skewness;audSpec_Rfilt_sma_de[2]_kurtosis;audSpec_Rfilt_sma_de[2]_meanSegLen;audSpec_Rfilt_sma_de[2]_maxSegLen;audSpec_Rfilt_sma_de[2]_minSegLen;audSpec_Rfilt_sma_de[2]_segLenStddev;audSpec_Rfilt_sma_de[2]_upleveltime25;audSpec_Rfilt_sma_de[2]_upleveltime50;audSpec_Rfilt_sma_de[2]_upleveltime75;audSpec_Rfilt_sma_de[2]_upleveltime90;audSpec_Rfilt_sma_de[2]_risetime;audSpec_Rfilt_sma_de[2]_leftctime;audSpec_Rfilt_sma_de[2]_lpgain;audSpec_Rfilt_sma_de[2]_lpc0;audSpec_Rfilt_sma_de[2]_lpc1;audSpec_Rfilt_sma_de[2]_lpc2;audSpec_Rfilt_sma_de[2]_lpc3;audSpec_Rfilt_sma_de[2]_lpc4;audSpec_Rfilt_sma_de[3]_range;audSpec_Rfilt_sma_de[3]_maxPos;audSpec_Rfilt_sma_de[3]_minPos;audSpec_Rfilt_sma_de[3]_quartile1;audSpec_Rfilt_sma_de[3]_quartile2;audSpec_Rfilt_sma_de[3]_quartile3;audSpec_Rfilt_sma_de[3]_iqr1-2;audSpec_Rfilt_sma_de[3]_iqr2-3;audSpec_Rfilt_sma_de[3]_iqr1-3;audSpec_Rfilt_sma_de[3]_percentile1.0;audSpec_Rfilt_sma_de[3]_percentile99.0;audSpec_Rfilt_sma_de[3]_pctlrange0-1;audSpec_Rfilt_sma_de[3]_stddev;audSpec_Rfilt_sma_de[3]_skewness;audSpec_Rfilt_sma_de[3]_kurtosis;audSpec_Rfilt_sma_de[3]_meanSegLen;audSpec_Rfilt_sma_de[3]_maxSegLen;audSpec_Rfilt_sma_de[3]_minSegLen;audSpec_Rfilt_sma_de[3]_segLenStddev;audSpec_Rfilt_sma_de[3]_upleveltime25;audSpec_Rfilt_sma_de[3]_upleveltime50;audSpec_Rfilt_sma_de[3]_upleveltime75;audSpec_Rfilt_sma_de[3]_upleveltime90;audSpec_Rfilt_sma_de[3]_risetime;audSpec_Rfilt_sma_de[3]_leftctime;audSpec_Rfilt_sma_de[3]_lpgain;audSpec_Rfilt_sma_de[3]_lpc0;audSpec_Rfilt_sma_de[3]_lpc1;audSpec_Rfilt_sma_de[3]_lpc2;audSpec_Rfilt_sma_de[3]_lpc3;audSpec_Rfilt_sma_de[3]_lpc4;audSpec_Rfilt_sma_de[4]_range;audSpec_Rfilt_sma_de[4]_maxPos;audSpec_Rfilt_sma_de[4]_minPos;audSpec_Rfilt_sma_de[4]_quartile1;audSpec_Rfilt_sma_de[4]_quartile2;audSpec_Rfilt_sma_de[4]_quartile3;audSpec_Rfilt_sma_de[4]_iqr1-2;audSpec_Rfilt_sma_de[4]_iqr2-3;audSpec_Rfilt_sma_de[4]_iqr1-3;audSpec_Rfilt_sma_de[4]_percentile1.0;audSpec_Rfilt_sma_de[4]_percentile99.0;audSpec_Rfilt_sma_de[4]_pctlrange0-1;audSpec_Rfilt_sma_de[4]_stddev;audSpec_Rfilt_sma_de[4]_skewness;audSpec_Rfilt_sma_de[4]_kurtosis;audSpec_Rfilt_sma_de[4]_meanSegLen;audSpec_Rfilt_sma_de[4]_maxSegLen;audSpec_Rfilt_sma_de[4]_minSegLen;audSpec_Rfilt_sma_de[4]_segLenStddev;audSpec_Rfilt_sma_de[4]_upleveltime25;audSpec_Rfilt_sma_de[4]_upleveltime50;audSpec_Rfilt_sma_de[4]_upleveltime75;audSpec_Rfilt_sma_de[4]_upleveltime90;audSpec_Rfilt_sma_de[4]_risetime;audSpec_Rfilt_sma_de[4]_leftctime;audSpec_Rfilt_sma_de[4]_lpgain;audSpec_Rfilt_sma_de[4]_lpc0;audSpec_Rfilt_sma_de[4]_lpc1;audSpec_Rfilt_sma_de[4]_lpc2;audSpec_Rfilt_sma_de[4]_lpc3;audSpec_Rfilt_sma_de[4]_lpc4;audSpec_Rfilt_sma_de[5]_range;audSpec_Rfilt_sma_de[5]_maxPos;audSpec_Rfilt_sma_de[5]_minPos;audSpec_Rfilt_sma_de[5]_quartile1;audSpec_Rfilt_sma_de[5]_quartile2;audSpec_Rfilt_sma_de[5]_quartile3;audSpec_Rfilt_sma_de[5]_iqr1-2;audSpec_Rfilt_sma_de[5]_iqr2-3;audSpec_Rfilt_sma_de[5]_iqr1-3;audSpec_Rfilt_sma_de[5]_percentile1.0;audSpec_Rfilt_sma_de[5]_percentile99.0;audSpec_Rfilt_sma_de[5]_pctlrange0-1;audSpec_Rfilt_sma_de[5]_stddev;audSpec_Rfilt_sma_de[5]_skewness;audSpec_Rfilt_sma_de[5]_kurtosis;audSpec_Rfilt_sma_de[5]_meanSegLen;audSpec_Rfilt_sma_de[5]_maxSegLen;audSpec_Rfilt_sma_de[5]_minSegLen;audSpec_Rfilt_sma_de[5]_segLenStddev;audSpec_Rfilt_sma_de[5]_upleveltime25;audSpec_Rfilt_sma_de[5]_upleveltime50;audSpec_Rfilt_sma_de[5]_upleveltime75;audSpec_Rfilt_sma_de[5]_upleveltime90;audSpec_Rfilt_sma_de[5]_risetime;audSpec_Rfilt_sma_de[5]_leftctime;audSpec_Rfilt_sma_de[5]_lpgain;audSpec_Rfilt_sma_de[5]_lpc0;audSpec_Rfilt_sma_de[5]_lpc1;audSpec_Rfilt_sma_de[5]_lpc2;audSpec_Rfilt_sma_de[5]_lpc3;audSpec_Rfilt_sma_de[5]_lpc4;audSpec_Rfilt_sma_de[6]_range;audSpec_Rfilt_sma_de[6]_maxPos;audSpec_Rfilt_sma_de[6]_minPos;audSpec_Rfilt_sma_de[6]_quartile1;audSpec_Rfilt_sma_de[6]_quartile2;audSpec_Rfilt_sma_de[6]_quartile3;audSpec_Rfilt_sma_de[6]_iqr1-2;audSpec_Rfilt_sma_de[6]_iqr2-3;audSpec_Rfilt_sma_de[6]_iqr1-3;audSpec_Rfilt_sma_de[6]_percentile1.0;audSpec_Rfilt_sma_de[6]_percentile99.0;audSpec_Rfilt_sma_de[6]_pctlrange0-1;audSpec_Rfilt_sma_de[6]_stddev;audSpec_Rfilt_sma_de[6]_skewness;audSpec_Rfilt_sma_de[6]_kurtosis;audSpec_Rfilt_sma_de[6]_meanSegLen;audSpec_Rfilt_sma_de[6]_maxSegLen;audSpec_Rfilt_sma_de[6]_minSegLen;audSpec_Rfilt_sma_de[6]_segLenStddev;audSpec_Rfilt_sma_de[6]_upleveltime25;audSpec_Rfilt_sma_de[6]_upleveltime50;audSpec_Rfilt_sma_de[6]_upleveltime75;audSpec_Rfilt_sma_de[6]_upleveltime90;audSpec_Rfilt_sma_de[6]_risetime;audSpec_Rfilt_sma_de[6]_leftctime;audSpec_Rfilt_sma_de[6]_lpgain;audSpec_Rfilt_sma_de[6]_lpc0;audSpec_Rfilt_sma_de[6]_lpc1;audSpec_Rfilt_sma_de[6]_lpc2;audSpec_Rfilt_sma_de[6]_lpc3;audSpec_Rfilt_sma_de[6]_lpc4;audSpec_Rfilt_sma_de[7]_range;audSpec_Rfilt_sma_de[7]_maxPos;audSpec_Rfilt_sma_de[7]_minPos;audSpec_Rfilt_sma_de[7]_quartile1;audSpec_Rfilt_sma_de[7]_quartile2;audSpec_Rfilt_sma_de[7]_quartile3;audSpec_Rfilt_sma_de[7]_iqr1-2;audSpec_Rfilt_sma_de[7]_iqr2-3;audSpec_Rfilt_sma_de[7]_iqr1-3;audSpec_Rfilt_sma_de[7]_percentile1.0;audSpec_Rfilt_sma_de[7]_percentile99.0;audSpec_Rfilt_sma_de[7]_pctlrange0-1;audSpec_Rfilt_sma_de[7]_stddev;audSpec_Rfilt_sma_de[7]_skewness;audSpec_Rfilt_sma_de[7]_kurtosis;audSpec_Rfilt_sma_de[7]_meanSegLen;audSpec_Rfilt_sma_de[7]_maxSegLen;audSpec_Rfilt_sma_de[7]_minSegLen;audSpec_Rfilt_sma_de[7]_segLenStddev;audSpec_Rfilt_sma_de[7]_upleveltime25;audSpec_Rfilt_sma_de[7]_upleveltime50;audSpec_Rfilt_sma_de[7]_upleveltime75;audSpec_Rfilt_sma_de[7]_upleveltime90;audSpec_Rfilt_sma_de[7]_risetime;audSpec_Rfilt_sma_de[7]_leftctime;audSpec_Rfilt_sma_de[7]_lpgain;audSpec_Rfilt_sma_de[7]_lpc0;audSpec_Rfilt_sma_de[7]_lpc1;audSpec_Rfilt_sma_de[7]_lpc2;audSpec_Rfilt_sma_de[7]_lpc3;audSpec_Rfilt_sma_de[7]_lpc4;audSpec_Rfilt_sma_de[8]_range;audSpec_Rfilt_sma_de[8]_maxPos;audSpec_Rfilt_sma_de[8]_minPos;audSpec_Rfilt_sma_de[8]_quartile1;audSpec_Rfilt_sma_de[8]_quartile2;audSpec_Rfilt_sma_de[8]_quartile3;audSpec_Rfilt_sma_de[8]_iqr1-2;audSpec_Rfilt_sma_de[8]_iqr2-3;audSpec_Rfilt_sma_de[8]_iqr1-3;audSpec_Rfilt_sma_de[8]_percentile1.0;audSpec_Rfilt_sma_de[8]_percentile99.0;audSpec_Rfilt_sma_de[8]_pctlrange0-1;audSpec_Rfilt_sma_de[8]_stddev;audSpec_Rfilt_sma_de[8]_skewness;audSpec_Rfilt_sma_de[8]_kurtosis;audSpec_Rfilt_sma_de[8]_meanSegLen;audSpec_Rfilt_sma_de[8]_maxSegLen;audSpec_Rfilt_sma_de[8]_minSegLen;audSpec_Rfilt_sma_de[8]_segLenStddev;audSpec_Rfilt_sma_de[8]_upleveltime25;audSpec_Rfilt_sma_de[8]_upleveltime50;audSpec_Rfilt_sma_de[8]_upleveltime75;audSpec_Rfilt_sma_de[8]_upleveltime90;audSpec_Rfilt_sma_de[8]_risetime;audSpec_Rfilt_sma_de[8]_leftctime;audSpec_Rfilt_sma_de[8]_lpgain;audSpec_Rfilt_sma_de[8]_lpc0;audSpec_Rfilt_sma_de[8]_lpc1;audSpec_Rfilt_sma_de[8]_lpc2;audSpec_Rfilt_sma_de[8]_lpc3;audSpec_Rfilt_sma_de[8]_lpc4;audSpec_Rfilt_sma_de[9]_range;audSpec_Rfilt_sma_de[9]_maxPos;audSpec_Rfilt_sma_de[9]_minPos;audSpec_Rfilt_sma_de[9]_quartile1;audSpec_Rfilt_sma_de[9]_quartile2;audSpec_Rfilt_sma_de[9]_quartile3;audSpec_Rfilt_sma_de[9]_iqr1-2;audSpec_Rfilt_sma_de[9]_iqr2-3;audSpec_Rfilt_sma_de[9]_iqr1-3;audSpec_Rfilt_sma_de[9]_percentile1.0;audSpec_Rfilt_sma_de[9]_percentile99.0;audSpec_Rfilt_sma_de[9]_pctlrange0-1;audSpec_Rfilt_sma_de[9]_stddev;audSpec_Rfilt_sma_de[9]_skewness;audSpec_Rfilt_sma_de[9]_kurtosis;audSpec_Rfilt_sma_de[9]_meanSegLen;audSpec_Rfilt_sma_de[9]_maxSegLen;audSpec_Rfilt_sma_de[9]_minSegLen;audSpec_Rfilt_sma_de[9]_segLenStddev;audSpec_Rfilt_sma_de[9]_upleveltime25;audSpec_Rfilt_sma_de[9]_upleveltime50;audSpec_Rfilt_sma_de[9]_upleveltime75;audSpec_Rfilt_sma_de[9]_upleveltime90;audSpec_Rfilt_sma_de[9]_risetime;audSpec_Rfilt_sma_de[9]_leftctime;audSpec_Rfilt_sma_de[9]_lpgain;audSpec_Rfilt_sma_de[9]_lpc0;audSpec_Rfilt_sma_de[9]_lpc1;audSpec_Rfilt_sma_de[9]_lpc2;audSpec_Rfilt_sma_de[9]_lpc3;audSpec_Rfilt_sma_de[9]_lpc4;audSpec_Rfilt_sma_de[10]_range;audSpec_Rfilt_sma_de[10]_maxPos;audSpec_Rfilt_sma_de[10]_minPos;audSpec_Rfilt_sma_de[10]_quartile1;audSpec_Rfilt_sma_de[10]_quartile2;audSpec_Rfilt_sma_de[10]_quartile3;audSpec_Rfilt_sma_de[10]_iqr1-2;audSpec_Rfilt_sma_de[10]_iqr2-3;audSpec_Rfilt_sma_de[10]_iqr1-3;audSpec_Rfilt_sma_de[10]_percentile1.0;audSpec_Rfilt_sma_de[10]_percentile99.0;audSpec_Rfilt_sma_de[10]_pctlrange0-1;audSpec_Rfilt_sma_de[10]_stddev;audSpec_Rfilt_sma_de[10]_skewness;audSpec_Rfilt_sma_de[10]_kurtosis;audSpec_Rfilt_sma_de[10]_meanSegLen;audSpec_Rfilt_sma_de[10]_maxSegLen;audSpec_Rfilt_sma_de[10]_minSegLen;audSpec_Rfilt_sma_de[10]_segLenStddev;audSpec_Rfilt_sma_de[10]_upleveltime25;audSpec_Rfilt_sma_de[10]_upleveltime50;audSpec_Rfilt_sma_de[10]_upleveltime75;audSpec_Rfilt_sma_de[10]_upleveltime90;audSpec_Rfilt_sma_de[10]_risetime;audSpec_Rfilt_sma_de[10]_leftctime;audSpec_Rfilt_sma_de[10]_lpgain;audSpec_Rfilt_sma_de[10]_lpc0;audSpec_Rfilt_sma_de[10]_lpc1;audSpec_Rfilt_sma_de[10]_lpc2;audSpec_Rfilt_sma_de[10]_lpc3;audSpec_Rfilt_sma_de[10]_lpc4;audSpec_Rfilt_sma_de[11]_range;audSpec_Rfilt_sma_de[11]_maxPos;audSpec_Rfilt_sma_de[11]_minPos;audSpec_Rfilt_sma_de[11]_quartile1;audSpec_Rfilt_sma_de[11]_quartile2;audSpec_Rfilt_sma_de[11]_quartile3;audSpec_Rfilt_sma_de[11]_iqr1-2;audSpec_Rfilt_sma_de[11]_iqr2-3;audSpec_Rfilt_sma_de[11]_iqr1-3;audSpec_Rfilt_sma_de[11]_percentile1.0;audSpec_Rfilt_sma_de[11]_percentile99.0;audSpec_Rfilt_sma_de[11]_pctlrange0-1;audSpec_Rfilt_sma_de[11]_stddev;audSpec_Rfilt_sma_de[11]_skewness;audSpec_Rfilt_sma_de[11]_kurtosis;audSpec_Rfilt_sma_de[11]_meanSegLen;audSpec_Rfilt_sma_de[11]_maxSegLen;audSpec_Rfilt_sma_de[11]_minSegLen;audSpec_Rfilt_sma_de[11]_segLenStddev;audSpec_Rfilt_sma_de[11]_upleveltime25;audSpec_Rfilt_sma_de[11]_upleveltime50;audSpec_Rfilt_sma_de[11]_upleveltime75;audSpec_Rfilt_sma_de[11]_upleveltime90;audSpec_Rfilt_sma_de[11]_risetime;audSpec_Rfilt_sma_de[11]_leftctime;audSpec_Rfilt_sma_de[11]_lpgain;audSpec_Rfilt_sma_de[11]_lpc0;audSpec_Rfilt_sma_de[11]_lpc1;audSpec_Rfilt_sma_de[11]_lpc2;audSpec_Rfilt_sma_de[11]_lpc3;audSpec_Rfilt_sma_de[11]_lpc4;audSpec_Rfilt_sma_de[12]_range;audSpec_Rfilt_sma_de[12]_maxPos;audSpec_Rfilt_sma_de[12]_minPos;audSpec_Rfilt_sma_de[12]_quartile1;audSpec_Rfilt_sma_de[12]_quartile2;audSpec_Rfilt_sma_de[12]_quartile3;audSpec_Rfilt_sma_de[12]_iqr1-2;audSpec_Rfilt_sma_de[12]_iqr2-3;audSpec_Rfilt_sma_de[12]_iqr1-3;audSpec_Rfilt_sma_de[12]_percentile1.0;audSpec_Rfilt_sma_de[12]_percentile99.0;audSpec_Rfilt_sma_de[12]_pctlrange0-1;audSpec_Rfilt_sma_de[12]_stddev;audSpec_Rfilt_sma_de[12]_skewness;audSpec_Rfilt_sma_de[12]_kurtosis;audSpec_Rfilt_sma_de[12]_meanSegLen;audSpec_Rfilt_sma_de[12]_maxSegLen;audSpec_Rfilt_sma_de[12]_minSegLen;audSpec_Rfilt_sma_de[12]_segLenStddev;audSpec_Rfilt_sma_de[12]_upleveltime25;audSpec_Rfilt_sma_de[12]_upleveltime50;audSpec_Rfilt_sma_de[12]_upleveltime75;audSpec_Rfilt_sma_de[12]_upleveltime90;audSpec_Rfilt_sma_de[12]_risetime;audSpec_Rfilt_sma_de[12]_leftctime;audSpec_Rfilt_sma_de[12]_lpgain;audSpec_Rfilt_sma_de[12]_lpc0;audSpec_Rfilt_sma_de[12]_lpc1;audSpec_Rfilt_sma_de[12]_lpc2;audSpec_Rfilt_sma_de[12]_lpc3;audSpec_Rfilt_sma_de[12]_lpc4;audSpec_Rfilt_sma_de[13]_range;audSpec_Rfilt_sma_de[13]_maxPos;audSpec_Rfilt_sma_de[13]_minPos;audSpec_Rfilt_sma_de[13]_quartile1;audSpec_Rfilt_sma_de[13]_quartile2;audSpec_Rfilt_sma_de[13]_quartile3;audSpec_Rfilt_sma_de[13]_iqr1-2;audSpec_Rfilt_sma_de[13]_iqr2-3;audSpec_Rfilt_sma_de[13]_iqr1-3;audSpec_Rfilt_sma_de[13]_percentile1.0;audSpec_Rfilt_sma_de[13]_percentile99.0;audSpec_Rfilt_sma_de[13]_pctlrange0-1;audSpec_Rfilt_sma_de[13]_stddev;audSpec_Rfilt_sma_de[13]_skewness;audSpec_Rfilt_sma_de[13]_kurtosis;audSpec_Rfilt_sma_de[13]_meanSegLen;audSpec_Rfilt_sma_de[13]_maxSegLen;audSpec_Rfilt_sma_de[13]_minSegLen;audSpec_Rfilt_sma_de[13]_segLenStddev;audSpec_Rfilt_sma_de[13]_upleveltime25;audSpec_Rfilt_sma_de[13]_upleveltime50;audSpec_Rfilt_sma_de[13]_upleveltime75;audSpec_Rfilt_sma_de[13]_upleveltime90;audSpec_Rfilt_sma_de[13]_risetime;audSpec_Rfilt_sma_de[13]_leftctime;audSpec_Rfilt_sma_de[13]_lpgain;audSpec_Rfilt_sma_de[13]_lpc0;audSpec_Rfilt_sma_de[13]_lpc1;audSpec_Rfilt_sma_de[13]_lpc2;audSpec_Rfilt_sma_de[13]_lpc3;audSpec_Rfilt_sma_de[13]_lpc4;audSpec_Rfilt_sma_de[14]_range;audSpec_Rfilt_sma_de[14]_maxPos;audSpec_Rfilt_sma_de[14]_minPos;audSpec_Rfilt_sma_de[14]_quartile1;audSpec_Rfilt_sma_de[14]_quartile2;audSpec_Rfilt_sma_de[14]_quartile3;audSpec_Rfilt_sma_de[14]_iqr1-2;audSpec_Rfilt_sma_de[14]_iqr2-3;audSpec_Rfilt_sma_de[14]_iqr1-3;audSpec_Rfilt_sma_de[14]_percentile1.0;audSpec_Rfilt_sma_de[14]_percentile99.0;audSpec_Rfilt_sma_de[14]_pctlrange0-1;audSpec_Rfilt_sma_de[14]_stddev;audSpec_Rfilt_sma_de[14]_skewness;audSpec_Rfilt_sma_de[14]_kurtosis;audSpec_Rfilt_sma_de[14]_meanSegLen;audSpec_Rfilt_sma_de[14]_maxSegLen;audSpec_Rfilt_sma_de[14]_minSegLen;audSpec_Rfilt_sma_de[14]_segLenStddev;audSpec_Rfilt_sma_de[14]_upleveltime25;audSpec_Rfilt_sma_de[14]_upleveltime50;audSpec_Rfilt_sma_de[14]_upleveltime75;audSpec_Rfilt_sma_de[14]_upleveltime90;audSpec_Rfilt_sma_de[14]_risetime;audSpec_Rfilt_sma_de[14]_leftctime;audSpec_Rfilt_sma_de[14]_lpgain;audSpec_Rfilt_sma_de[14]_lpc0;audSpec_Rfilt_sma_de[14]_lpc1;audSpec_Rfilt_sma_de[14]_lpc2;audSpec_Rfilt_sma_de[14]_lpc3;audSpec_Rfilt_sma_de[14]_lpc4;audSpec_Rfilt_sma_de[15]_range;audSpec_Rfilt_sma_de[15]_maxPos;audSpec_Rfilt_sma_de[15]_minPos;audSpec_Rfilt_sma_de[15]_quartile1;audSpec_Rfilt_sma_de[15]_quartile2;audSpec_Rfilt_sma_de[15]_quartile3;audSpec_Rfilt_sma_de[15]_iqr1-2;audSpec_Rfilt_sma_de[15]_iqr2-3;audSpec_Rfilt_sma_de[15]_iqr1-3;audSpec_Rfilt_sma_de[15]_percentile1.0;audSpec_Rfilt_sma_de[15]_percentile99.0;audSpec_Rfilt_sma_de[15]_pctlrange0-1;audSpec_Rfilt_sma_de[15]_stddev;audSpec_Rfilt_sma_de[15]_skewness;audSpec_Rfilt_sma_de[15]_kurtosis;audSpec_Rfilt_sma_de[15]_meanSegLen;audSpec_Rfilt_sma_de[15]_maxSegLen;audSpec_Rfilt_sma_de[15]_minSegLen;audSpec_Rfilt_sma_de[15]_segLenStddev;audSpec_Rfilt_sma_de[15]_upleveltime25;audSpec_Rfilt_sma_de[15]_upleveltime50;audSpec_Rfilt_sma_de[15]_upleveltime75;audSpec_Rfilt_sma_de[15]_upleveltime90;audSpec_Rfilt_sma_de[15]_risetime;audSpec_Rfilt_sma_de[15]_leftctime;audSpec_Rfilt_sma_de[15]_lpgain;audSpec_Rfilt_sma_de[15]_lpc0;audSpec_Rfilt_sma_de[15]_lpc1;audSpec_Rfilt_sma_de[15]_lpc2;audSpec_Rfilt_sma_de[15]_lpc3;audSpec_Rfilt_sma_de[15]_lpc4;audSpec_Rfilt_sma_de[16]_range;audSpec_Rfilt_sma_de[16]_maxPos;audSpec_Rfilt_sma_de[16]_minPos;audSpec_Rfilt_sma_de[16]_quartile1;audSpec_Rfilt_sma_de[16]_quartile2;audSpec_Rfilt_sma_de[16]_quartile3;audSpec_Rfilt_sma_de[16]_iqr1-2;audSpec_Rfilt_sma_de[16]_iqr2-3;audSpec_Rfilt_sma_de[16]_iqr1-3;audSpec_Rfilt_sma_de[16]_percentile1.0;audSpec_Rfilt_sma_de[16]_percentile99.0;audSpec_Rfilt_sma_de[16]_pctlrange0-1;audSpec_Rfilt_sma_de[16]_stddev;audSpec_Rfilt_sma_de[16]_skewness;audSpec_Rfilt_sma_de[16]_kurtosis;audSpec_Rfilt_sma_de[16]_meanSegLen;audSpec_Rfilt_sma_de[16]_maxSegLen;audSpec_Rfilt_sma_de[16]_minSegLen;audSpec_Rfilt_sma_de[16]_segLenStddev;audSpec_Rfilt_sma_de[16]_upleveltime25;audSpec_Rfilt_sma_de[16]_upleveltime50;audSpec_Rfilt_sma_de[16]_upleveltime75;audSpec_Rfilt_sma_de[16]_upleveltime90;audSpec_Rfilt_sma_de[16]_risetime;audSpec_Rfilt_sma_de[16]_leftctime;audSpec_Rfilt_sma_de[16]_lpgain;audSpec_Rfilt_sma_de[16]_lpc0;audSpec_Rfilt_sma_de[16]_lpc1;audSpec_Rfilt_sma_de[16]_lpc2;audSpec_Rfilt_sma_de[16]_lpc3;audSpec_Rfilt_sma_de[16]_lpc4;audSpec_Rfilt_sma_de[17]_range;audSpec_Rfilt_sma_de[17]_maxPos;audSpec_Rfilt_sma_de[17]_minPos;audSpec_Rfilt_sma_de[17]_quartile1;audSpec_Rfilt_sma_de[17]_quartile2;audSpec_Rfilt_sma_de[17]_quartile3;audSpec_Rfilt_sma_de[17]_iqr1-2;audSpec_Rfilt_sma_de[17]_iqr2-3;audSpec_Rfilt_sma_de[17]_iqr1-3;audSpec_Rfilt_sma_de[17]_percentile1.0;audSpec_Rfilt_sma_de[17]_percentile99.0;audSpec_Rfilt_sma_de[17]_pctlrange0-1;audSpec_Rfilt_sma_de[17]_stddev;audSpec_Rfilt_sma_de[17]_skewness;audSpec_Rfilt_sma_de[17]_kurtosis;audSpec_Rfilt_sma_de[17]_meanSegLen;audSpec_Rfilt_sma_de[17]_maxSegLen;audSpec_Rfilt_sma_de[17]_minSegLen;audSpec_Rfilt_sma_de[17]_segLenStddev;audSpec_Rfilt_sma_de[17]_upleveltime25;audSpec_Rfilt_sma_de[17]_upleveltime50;audSpec_Rfilt_sma_de[17]_upleveltime75;audSpec_Rfilt_sma_de[17]_upleveltime90;audSpec_Rfilt_sma_de[17]_risetime;audSpec_Rfilt_sma_de[17]_leftctime;audSpec_Rfilt_sma_de[17]_lpgain;audSpec_Rfilt_sma_de[17]_lpc0;audSpec_Rfilt_sma_de[17]_lpc1;audSpec_Rfilt_sma_de[17]_lpc2;audSpec_Rfilt_sma_de[17]_lpc3;audSpec_Rfilt_sma_de[17]_lpc4;audSpec_Rfilt_sma_de[18]_range;audSpec_Rfilt_sma_de[18]_maxPos;audSpec_Rfilt_sma_de[18]_minPos;audSpec_Rfilt_sma_de[18]_quartile1;audSpec_Rfilt_sma_de[18]_quartile2;audSpec_Rfilt_sma_de[18]_quartile3;audSpec_Rfilt_sma_de[18]_iqr1-2;audSpec_Rfilt_sma_de[18]_iqr2-3;audSpec_Rfilt_sma_de[18]_iqr1-3;audSpec_Rfilt_sma_de[18]_percentile1.0;audSpec_Rfilt_sma_de[18]_percentile99.0;audSpec_Rfilt_sma_de[18]_pctlrange0-1;audSpec_Rfilt_sma_de[18]_stddev;audSpec_Rfilt_sma_de[18]_skewness;audSpec_Rfilt_sma_de[18]_kurtosis;audSpec_Rfilt_sma_de[18]_meanSegLen;audSpec_Rfilt_sma_de[18]_maxSegLen;audSpec_Rfilt_sma_de[18]_minSegLen;audSpec_Rfilt_sma_de[18]_segLenStddev;audSpec_Rfilt_sma_de[18]_upleveltime25;audSpec_Rfilt_sma_de[18]_upleveltime50;audSpec_Rfilt_sma_de[18]_upleveltime75;audSpec_Rfilt_sma_de[18]_upleveltime90;audSpec_Rfilt_sma_de[18]_risetime;audSpec_Rfilt_sma_de[18]_leftctime;audSpec_Rfilt_sma_de[18]_lpgain;audSpec_Rfilt_sma_de[18]_lpc0;audSpec_Rfilt_sma_de[18]_lpc1;audSpec_Rfilt_sma_de[18]_lpc2;audSpec_Rfilt_sma_de[18]_lpc3;audSpec_Rfilt_sma_de[18]_lpc4;audSpec_Rfilt_sma_de[19]_range;audSpec_Rfilt_sma_de[19]_maxPos;audSpec_Rfilt_sma_de[19]_minPos;audSpec_Rfilt_sma_de[19]_quartile1;audSpec_Rfilt_sma_de[19]_quartile2;audSpec_Rfilt_sma_de[19]_quartile3;audSpec_Rfilt_sma_de[19]_iqr1-2;audSpec_Rfilt_sma_de[19]_iqr2-3;audSpec_Rfilt_sma_de[19]_iqr1-3;audSpec_Rfilt_sma_de[19]_percentile1.0;audSpec_Rfilt_sma_de[19]_percentile99.0;audSpec_Rfilt_sma_de[19]_pctlrange0-1;audSpec_Rfilt_sma_de[19]_stddev;audSpec_Rfilt_sma_de[19]_skewness;audSpec_Rfilt_sma_de[19]_kurtosis;audSpec_Rfilt_sma_de[19]_meanSegLen;audSpec_Rfilt_sma_de[19]_maxSegLen;audSpec_Rfilt_sma_de[19]_minSegLen;audSpec_Rfilt_sma_de[19]_segLenStddev;audSpec_Rfilt_sma_de[19]_upleveltime25;audSpec_Rfilt_sma_de[19]_upleveltime50;audSpec_Rfilt_sma_de[19]_upleveltime75;audSpec_Rfilt_sma_de[19]_upleveltime90;audSpec_Rfilt_sma_de[19]_risetime;audSpec_Rfilt_sma_de[19]_leftctime;audSpec_Rfilt_sma_de[19]_lpgain;audSpec_Rfilt_sma_de[19]_lpc0;audSpec_Rfilt_sma_de[19]_lpc1;audSpec_Rfilt_sma_de[19]_lpc2;audSpec_Rfilt_sma_de[19]_lpc3;audSpec_Rfilt_sma_de[19]_lpc4;audSpec_Rfilt_sma_de[20]_range;audSpec_Rfilt_sma_de[20]_maxPos;audSpec_Rfilt_sma_de[20]_minPos;audSpec_Rfilt_sma_de[20]_quartile1;audSpec_Rfilt_sma_de[20]_quartile2;audSpec_Rfilt_sma_de[20]_quartile3;audSpec_Rfilt_sma_de[20]_iqr1-2;audSpec_Rfilt_sma_de[20]_iqr2-3;audSpec_Rfilt_sma_de[20]_iqr1-3;audSpec_Rfilt_sma_de[20]_percentile1.0;audSpec_Rfilt_sma_de[20]_percentile99.0;audSpec_Rfilt_sma_de[20]_pctlrange0-1;audSpec_Rfilt_sma_de[20]_stddev;audSpec_Rfilt_sma_de[20]_skewness;audSpec_Rfilt_sma_de[20]_kurtosis;audSpec_Rfilt_sma_de[20]_meanSegLen;audSpec_Rfilt_sma_de[20]_maxSegLen;audSpec_Rfilt_sma_de[20]_minSegLen;audSpec_Rfilt_sma_de[20]_segLenStddev;audSpec_Rfilt_sma_de[20]_upleveltime25;audSpec_Rfilt_sma_de[20]_upleveltime50;audSpec_Rfilt_sma_de[20]_upleveltime75;audSpec_Rfilt_sma_de[20]_upleveltime90;audSpec_Rfilt_sma_de[20]_risetime;audSpec_Rfilt_sma_de[20]_leftctime;audSpec_Rfilt_sma_de[20]_lpgain;audSpec_Rfilt_sma_de[20]_lpc0;audSpec_Rfilt_sma_de[20]_lpc1;audSpec_Rfilt_sma_de[20]_lpc2;audSpec_Rfilt_sma_de[20]_lpc3;audSpec_Rfilt_sma_de[20]_lpc4;audSpec_Rfilt_sma_de[21]_range;audSpec_Rfilt_sma_de[21]_maxPos;audSpec_Rfilt_sma_de[21]_minPos;audSpec_Rfilt_sma_de[21]_quartile1;audSpec_Rfilt_sma_de[21]_quartile2;audSpec_Rfilt_sma_de[21]_quartile3;audSpec_Rfilt_sma_de[21]_iqr1-2;audSpec_Rfilt_sma_de[21]_iqr2-3;audSpec_Rfilt_sma_de[21]_iqr1-3;audSpec_Rfilt_sma_de[21]_percentile1.0;audSpec_Rfilt_sma_de[21]_percentile99.0;audSpec_Rfilt_sma_de[21]_pctlrange0-1;audSpec_Rfilt_sma_de[21]_stddev;audSpec_Rfilt_sma_de[21]_skewness;audSpec_Rfilt_sma_de[21]_kurtosis;audSpec_Rfilt_sma_de[21]_meanSegLen;audSpec_Rfilt_sma_de[21]_maxSegLen;audSpec_Rfilt_sma_de[21]_minSegLen;audSpec_Rfilt_sma_de[21]_segLenStddev;audSpec_Rfilt_sma_de[21]_upleveltime25;audSpec_Rfilt_sma_de[21]_upleveltime50;audSpec_Rfilt_sma_de[21]_upleveltime75;audSpec_Rfilt_sma_de[21]_upleveltime90;audSpec_Rfilt_sma_de[21]_risetime;audSpec_Rfilt_sma_de[21]_leftctime;audSpec_Rfilt_sma_de[21]_lpgain;audSpec_Rfilt_sma_de[21]_lpc0;audSpec_Rfilt_sma_de[21]_lpc1;audSpec_Rfilt_sma_de[21]_lpc2;audSpec_Rfilt_sma_de[21]_lpc3;audSpec_Rfilt_sma_de[21]_lpc4;audSpec_Rfilt_sma_de[22]_range;audSpec_Rfilt_sma_de[22]_maxPos;audSpec_Rfilt_sma_de[22]_minPos;audSpec_Rfilt_sma_de[22]_quartile1;audSpec_Rfilt_sma_de[22]_quartile2;audSpec_Rfilt_sma_de[22]_quartile3;audSpec_Rfilt_sma_de[22]_iqr1-2;audSpec_Rfilt_sma_de[22]_iqr2-3;audSpec_Rfilt_sma_de[22]_iqr1-3;audSpec_Rfilt_sma_de[22]_percentile1.0;audSpec_Rfilt_sma_de[22]_percentile99.0;audSpec_Rfilt_sma_de[22]_pctlrange0-1;audSpec_Rfilt_sma_de[22]_stddev;audSpec_Rfilt_sma_de[22]_skewness;audSpec_Rfilt_sma_de[22]_kurtosis;audSpec_Rfilt_sma_de[22]_meanSegLen;audSpec_Rfilt_sma_de[22]_maxSegLen;audSpec_Rfilt_sma_de[22]_minSegLen;audSpec_Rfilt_sma_de[22]_segLenStddev;audSpec_Rfilt_sma_de[22]_upleveltime25;audSpec_Rfilt_sma_de[22]_upleveltime50;audSpec_Rfilt_sma_de[22]_upleveltime75;audSpec_Rfilt_sma_de[22]_upleveltime90;audSpec_Rfilt_sma_de[22]_risetime;audSpec_Rfilt_sma_de[22]_leftctime;audSpec_Rfilt_sma_de[22]_lpgain;audSpec_Rfilt_sma_de[22]_lpc0;audSpec_Rfilt_sma_de[22]_lpc1;audSpec_Rfilt_sma_de[22]_lpc2;audSpec_Rfilt_sma_de[22]_lpc3;audSpec_Rfilt_sma_de[22]_lpc4;audSpec_Rfilt_sma_de[23]_range;audSpec_Rfilt_sma_de[23]_maxPos;audSpec_Rfilt_sma_de[23]_minPos;audSpec_Rfilt_sma_de[23]_quartile1;audSpec_Rfilt_sma_de[23]_quartile2;audSpec_Rfilt_sma_de[23]_quartile3;audSpec_Rfilt_sma_de[23]_iqr1-2;audSpec_Rfilt_sma_de[23]_iqr2-3;audSpec_Rfilt_sma_de[23]_iqr1-3;audSpec_Rfilt_sma_de[23]_percentile1.0;audSpec_Rfilt_sma_de[23]_percentile99.0;audSpec_Rfilt_sma_de[23]_pctlrange0-1;audSpec_Rfilt_sma_de[23]_stddev;audSpec_Rfilt_sma_de[23]_skewness;audSpec_Rfilt_sma_de[23]_kurtosis;audSpec_Rfilt_sma_de[23]_meanSegLen;audSpec_Rfilt_sma_de[23]_maxSegLen;audSpec_Rfilt_sma_de[23]_minSegLen;audSpec_Rfilt_sma_de[23]_segLenStddev;audSpec_Rfilt_sma_de[23]_upleveltime25;audSpec_Rfilt_sma_de[23]_upleveltime50;audSpec_Rfilt_sma_de[23]_upleveltime75;audSpec_Rfilt_sma_de[23]_upleveltime90;audSpec_Rfilt_sma_de[23]_risetime;audSpec_Rfilt_sma_de[23]_leftctime;audSpec_Rfilt_sma_de[23]_lpgain;audSpec_Rfilt_sma_de[23]_lpc0;audSpec_Rfilt_sma_de[23]_lpc1;audSpec_Rfilt_sma_de[23]_lpc2;audSpec_Rfilt_sma_de[23]_lpc3;audSpec_Rfilt_sma_de[23]_lpc4;audSpec_Rfilt_sma_de[24]_range;audSpec_Rfilt_sma_de[24]_maxPos;audSpec_Rfilt_sma_de[24]_minPos;audSpec_Rfilt_sma_de[24]_quartile1;audSpec_Rfilt_sma_de[24]_quartile2;audSpec_Rfilt_sma_de[24]_quartile3;audSpec_Rfilt_sma_de[24]_iqr1-2;audSpec_Rfilt_sma_de[24]_iqr2-3;audSpec_Rfilt_sma_de[24]_iqr1-3;audSpec_Rfilt_sma_de[24]_percentile1.0;audSpec_Rfilt_sma_de[24]_percentile99.0;audSpec_Rfilt_sma_de[24]_pctlrange0-1;audSpec_Rfilt_sma_de[24]_stddev;audSpec_Rfilt_sma_de[24]_skewness;audSpec_Rfilt_sma_de[24]_kurtosis;audSpec_Rfilt_sma_de[24]_meanSegLen;audSpec_Rfilt_sma_de[24]_maxSegLen;audSpec_Rfilt_sma_de[24]_minSegLen;audSpec_Rfilt_sma_de[24]_segLenStddev;audSpec_Rfilt_sma_de[24]_upleveltime25;audSpec_Rfilt_sma_de[24]_upleveltime50;audSpec_Rfilt_sma_de[24]_upleveltime75;audSpec_Rfilt_sma_de[24]_upleveltime90;audSpec_Rfilt_sma_de[24]_risetime;audSpec_Rfilt_sma_de[24]_leftctime;audSpec_Rfilt_sma_de[24]_lpgain;audSpec_Rfilt_sma_de[24]_lpc0;audSpec_Rfilt_sma_de[24]_lpc1;audSpec_Rfilt_sma_de[24]_lpc2;audSpec_Rfilt_sma_de[24]_lpc3;audSpec_Rfilt_sma_de[24]_lpc4;audSpec_Rfilt_sma_de[25]_range;audSpec_Rfilt_sma_de[25]_maxPos;audSpec_Rfilt_sma_de[25]_minPos;audSpec_Rfilt_sma_de[25]_quartile1;audSpec_Rfilt_sma_de[25]_quartile2;audSpec_Rfilt_sma_de[25]_quartile3;audSpec_Rfilt_sma_de[25]_iqr1-2;audSpec_Rfilt_sma_de[25]_iqr2-3;audSpec_Rfilt_sma_de[25]_iqr1-3;audSpec_Rfilt_sma_de[25]_percentile1.0;audSpec_Rfilt_sma_de[25]_percentile99.0;audSpec_Rfilt_sma_de[25]_pctlrange0-1;audSpec_Rfilt_sma_de[25]_stddev;audSpec_Rfilt_sma_de[25]_skewness;audSpec_Rfilt_sma_de[25]_kurtosis;audSpec_Rfilt_sma_de[25]_meanSegLen;audSpec_Rfilt_sma_de[25]_maxSegLen;audSpec_Rfilt_sma_de[25]_minSegLen;audSpec_Rfilt_sma_de[25]_segLenStddev;audSpec_Rfilt_sma_de[25]_upleveltime25;audSpec_Rfilt_sma_de[25]_upleveltime50;audSpec_Rfilt_sma_de[25]_upleveltime75;audSpec_Rfilt_sma_de[25]_upleveltime90;audSpec_Rfilt_sma_de[25]_risetime;audSpec_Rfilt_sma_de[25]_leftctime;audSpec_Rfilt_sma_de[25]_lpgain;audSpec_Rfilt_sma_de[25]_lpc0;audSpec_Rfilt_sma_de[25]_lpc1;audSpec_Rfilt_sma_de[25]_lpc2;audSpec_Rfilt_sma_de[25]_lpc3;audSpec_Rfilt_sma_de[25]_lpc4;pcm_fftMag_fband250-650_sma_de_range;pcm_fftMag_fband250-650_sma_de_maxPos;pcm_fftMag_fband250-650_sma_de_minPos;pcm_fftMag_fband250-650_sma_de_quartile1;pcm_fftMag_fband250-650_sma_de_quartile2;pcm_fftMag_fband250-650_sma_de_quartile3;pcm_fftMag_fband250-650_sma_de_iqr1-2;pcm_fftMag_fband250-650_sma_de_iqr2-3;pcm_fftMag_fband250-650_sma_de_iqr1-3;pcm_fftMag_fband250-650_sma_de_percentile1.0;pcm_fftMag_fband250-650_sma_de_percentile99.0;pcm_fftMag_fband250-650_sma_de_pctlrange0-1;pcm_fftMag_fband250-650_sma_de_stddev;pcm_fftMag_fband250-650_sma_de_skewness;pcm_fftMag_fband250-650_sma_de_kurtosis;pcm_fftMag_fband250-650_sma_de_meanSegLen;pcm_fftMag_fband250-650_sma_de_maxSegLen;pcm_fftMag_fband250-650_sma_de_minSegLen;pcm_fftMag_fband250-650_sma_de_segLenStddev;pcm_fftMag_fband250-650_sma_de_upleveltime25;pcm_fftMag_fband250-650_sma_de_upleveltime50;pcm_fftMag_fband250-650_sma_de_upleveltime75;pcm_fftMag_fband250-650_sma_de_upleveltime90;pcm_fftMag_fband250-650_sma_de_risetime;pcm_fftMag_fband250-650_sma_de_leftctime;pcm_fftMag_fband250-650_sma_de_lpgain;pcm_fftMag_fband250-650_sma_de_lpc0;pcm_fftMag_fband250-650_sma_de_lpc1;pcm_fftMag_fband250-650_sma_de_lpc2;pcm_fftMag_fband250-650_sma_de_lpc3;pcm_fftMag_fband250-650_sma_de_lpc4;pcm_fftMag_fband1000-4000_sma_de_range;pcm_fftMag_fband1000-4000_sma_de_maxPos;pcm_fftMag_fband1000-4000_sma_de_minPos;pcm_fftMag_fband1000-4000_sma_de_quartile1;pcm_fftMag_fband1000-4000_sma_de_quartile2;pcm_fftMag_fband1000-4000_sma_de_quartile3;pcm_fftMag_fband1000-4000_sma_de_iqr1-2;pcm_fftMag_fband1000-4000_sma_de_iqr2-3;pcm_fftMag_fband1000-4000_sma_de_iqr1-3;pcm_fftMag_fband1000-4000_sma_de_percentile1.0;pcm_fftMag_fband1000-4000_sma_de_percentile99.0;pcm_fftMag_fband1000-4000_sma_de_pctlrange0-1;pcm_fftMag_fband1000-4000_sma_de_stddev;pcm_fftMag_fband1000-4000_sma_de_skewness;pcm_fftMag_fband1000-4000_sma_de_kurtosis;pcm_fftMag_fband1000-4000_sma_de_meanSegLen;pcm_fftMag_fband1000-4000_sma_de_maxSegLen;pcm_fftMag_fband1000-4000_sma_de_minSegLen;pcm_fftMag_fband1000-4000_sma_de_segLenStddev;pcm_fftMag_fband1000-4000_sma_de_upleveltime25;pcm_fftMag_fband1000-4000_sma_de_upleveltime50;pcm_fftMag_fband1000-4000_sma_de_upleveltime75;pcm_fftMag_fband1000-4000_sma_de_upleveltime90;pcm_fftMag_fband1000-4000_sma_de_risetime;pcm_fftMag_fband1000-4000_sma_de_leftctime;pcm_fftMag_fband1000-4000_sma_de_lpgain;pcm_fftMag_fband1000-4000_sma_de_lpc0;pcm_fftMag_fband1000-4000_sma_de_lpc1;pcm_fftMag_fband1000-4000_sma_de_lpc2;pcm_fftMag_fband1000-4000_sma_de_lpc3;pcm_fftMag_fband1000-4000_sma_de_lpc4;pcm_fftMag_spectralRollOff25.0_sma_de_range;pcm_fftMag_spectralRollOff25.0_sma_de_maxPos;pcm_fftMag_spectralRollOff25.0_sma_de_minPos;pcm_fftMag_spectralRollOff25.0_sma_de_quartile1;pcm_fftMag_spectralRollOff25.0_sma_de_quartile2;pcm_fftMag_spectralRollOff25.0_sma_de_quartile3;pcm_fftMag_spectralRollOff25.0_sma_de_iqr1-2;pcm_fftMag_spectralRollOff25.0_sma_de_iqr2-3;pcm_fftMag_spectralRollOff25.0_sma_de_iqr1-3;pcm_fftMag_spectralRollOff25.0_sma_de_percentile1.0;pcm_fftMag_spectralRollOff25.0_sma_de_percentile99.0;pcm_fftMag_spectralRollOff25.0_sma_de_pctlrange0-1;pcm_fftMag_spectralRollOff25.0_sma_de_stddev;pcm_fftMag_spectralRollOff25.0_sma_de_skewness;pcm_fftMag_spectralRollOff25.0_sma_de_kurtosis;pcm_fftMag_spectralRollOff25.0_sma_de_meanSegLen;pcm_fftMag_spectralRollOff25.0_sma_de_maxSegLen;pcm_fftMag_spectralRollOff25.0_sma_de_minSegLen;pcm_fftMag_spectralRollOff25.0_sma_de_segLenStddev;pcm_fftMag_spectralRollOff25.0_sma_de_upleveltime25;pcm_fftMag_spectralRollOff25.0_sma_de_upleveltime50;pcm_fftMag_spectralRollOff25.0_sma_de_upleveltime75;pcm_fftMag_spectralRollOff25.0_sma_de_upleveltime90;pcm_fftMag_spectralRollOff25.0_sma_de_risetime;pcm_fftMag_spectralRollOff25.0_sma_de_leftctime;pcm_fftMag_spectralRollOff25.0_sma_de_lpgain;pcm_fftMag_spectralRollOff25.0_sma_de_lpc0;pcm_fftMag_spectralRollOff25.0_sma_de_lpc1;pcm_fftMag_spectralRollOff25.0_sma_de_lpc2;pcm_fftMag_spectralRollOff25.0_sma_de_lpc3;pcm_fftMag_spectralRollOff25.0_sma_de_lpc4;pcm_fftMag_spectralRollOff50.0_sma_de_range;pcm_fftMag_spectralRollOff50.0_sma_de_maxPos;pcm_fftMag_spectralRollOff50.0_sma_de_minPos;pcm_fftMag_spectralRollOff50.0_sma_de_quartile1;pcm_fftMag_spectralRollOff50.0_sma_de_quartile2;pcm_fftMag_spectralRollOff50.0_sma_de_quartile3;pcm_fftMag_spectralRollOff50.0_sma_de_iqr1-2;pcm_fftMag_spectralRollOff50.0_sma_de_iqr2-3;pcm_fftMag_spectralRollOff50.0_sma_de_iqr1-3;pcm_fftMag_spectralRollOff50.0_sma_de_percentile1.0;pcm_fftMag_spectralRollOff50.0_sma_de_percentile99.0;pcm_fftMag_spectralRollOff50.0_sma_de_pctlrange0-1;pcm_fftMag_spectralRollOff50.0_sma_de_stddev;pcm_fftMag_spectralRollOff50.0_sma_de_skewness;pcm_fftMag_spectralRollOff50.0_sma_de_kurtosis;pcm_fftMag_spectralRollOff50.0_sma_de_meanSegLen;pcm_fftMag_spectralRollOff50.0_sma_de_maxSegLen;pcm_fftMag_spectralRollOff50.0_sma_de_minSegLen;pcm_fftMag_spectralRollOff50.0_sma_de_segLenStddev;pcm_fftMag_spectralRollOff50.0_sma_de_upleveltime25;pcm_fftMag_spectralRollOff50.0_sma_de_upleveltime50;pcm_fftMag_spectralRollOff50.0_sma_de_upleveltime75;pcm_fftMag_spectralRollOff50.0_sma_de_upleveltime90;pcm_fftMag_spectralRollOff50.0_sma_de_risetime;pcm_fftMag_spectralRollOff50.0_sma_de_leftctime;pcm_fftMag_spectralRollOff50.0_sma_de_lpgain;pcm_fftMag_spectralRollOff50.0_sma_de_lpc0;pcm_fftMag_spectralRollOff50.0_sma_de_lpc1;pcm_fftMag_spectralRollOff50.0_sma_de_lpc2;pcm_fftMag_spectralRollOff50.0_sma_de_lpc3;pcm_fftMag_spectralRollOff50.0_sma_de_lpc4;pcm_fftMag_spectralRollOff75.0_sma_de_range;pcm_fftMag_spectralRollOff75.0_sma_de_maxPos;pcm_fftMag_spectralRollOff75.0_sma_de_minPos;pcm_fftMag_spectralRollOff75.0_sma_de_quartile1;pcm_fftMag_spectralRollOff75.0_sma_de_quartile2;pcm_fftMag_spectralRollOff75.0_sma_de_quartile3;pcm_fftMag_spectralRollOff75.0_sma_de_iqr1-2;pcm_fftMag_spectralRollOff75.0_sma_de_iqr2-3;pcm_fftMag_spectralRollOff75.0_sma_de_iqr1-3;pcm_fftMag_spectralRollOff75.0_sma_de_percentile1.0;pcm_fftMag_spectralRollOff75.0_sma_de_percentile99.0;pcm_fftMag_spectralRollOff75.0_sma_de_pctlrange0-1;pcm_fftMag_spectralRollOff75.0_sma_de_stddev;pcm_fftMag_spectralRollOff75.0_sma_de_skewness;pcm_fftMag_spectralRollOff75.0_sma_de_kurtosis;pcm_fftMag_spectralRollOff75.0_sma_de_meanSegLen;pcm_fftMag_spectralRollOff75.0_sma_de_maxSegLen;pcm_fftMag_spectralRollOff75.0_sma_de_minSegLen;pcm_fftMag_spectralRollOff75.0_sma_de_segLenStddev;pcm_fftMag_spectralRollOff75.0_sma_de_upleveltime25;pcm_fftMag_spectralRollOff75.0_sma_de_upleveltime50;pcm_fftMag_spectralRollOff75.0_sma_de_upleveltime75;pcm_fftMag_spectralRollOff75.0_sma_de_upleveltime90;pcm_fftMag_spectralRollOff75.0_sma_de_risetime;pcm_fftMag_spectralRollOff75.0_sma_de_leftctime;pcm_fftMag_spectralRollOff75.0_sma_de_lpgain;pcm_fftMag_spectralRollOff75.0_sma_de_lpc0;pcm_fftMag_spectralRollOff75.0_sma_de_lpc1;pcm_fftMag_spectralRollOff75.0_sma_de_lpc2;pcm_fftMag_spectralRollOff75.0_sma_de_lpc3;pcm_fftMag_spectralRollOff75.0_sma_de_lpc4;pcm_fftMag_spectralRollOff90.0_sma_de_range;pcm_fftMag_spectralRollOff90.0_sma_de_maxPos;pcm_fftMag_spectralRollOff90.0_sma_de_minPos;pcm_fftMag_spectralRollOff90.0_sma_de_quartile1;pcm_fftMag_spectralRollOff90.0_sma_de_quartile2;pcm_fftMag_spectralRollOff90.0_sma_de_quartile3;pcm_fftMag_spectralRollOff90.0_sma_de_iqr1-2;pcm_fftMag_spectralRollOff90.0_sma_de_iqr2-3;pcm_fftMag_spectralRollOff90.0_sma_de_iqr1-3;pcm_fftMag_spectralRollOff90.0_sma_de_percentile1.0;pcm_fftMag_spectralRollOff90.0_sma_de_percentile99.0;pcm_fftMag_spectralRollOff90.0_sma_de_pctlrange0-1;pcm_fftMag_spectralRollOff90.0_sma_de_stddev;pcm_fftMag_spectralRollOff90.0_sma_de_skewness;pcm_fftMag_spectralRollOff90.0_sma_de_kurtosis;pcm_fftMag_spectralRollOff90.0_sma_de_meanSegLen;pcm_fftMag_spectralRollOff90.0_sma_de_maxSegLen;pcm_fftMag_spectralRollOff90.0_sma_de_minSegLen;pcm_fftMag_spectralRollOff90.0_sma_de_segLenStddev;pcm_fftMag_spectralRollOff90.0_sma_de_upleveltime25;pcm_fftMag_spectralRollOff90.0_sma_de_upleveltime50;pcm_fftMag_spectralRollOff90.0_sma_de_upleveltime75;pcm_fftMag_spectralRollOff90.0_sma_de_upleveltime90;pcm_fftMag_spectralRollOff90.0_sma_de_risetime;pcm_fftMag_spectralRollOff90.0_sma_de_leftctime;pcm_fftMag_spectralRollOff90.0_sma_de_lpgain;pcm_fftMag_spectralRollOff90.0_sma_de_lpc0;pcm_fftMag_spectralRollOff90.0_sma_de_lpc1;pcm_fftMag_spectralRollOff90.0_sma_de_lpc2;pcm_fftMag_spectralRollOff90.0_sma_de_lpc3;pcm_fftMag_spectralRollOff90.0_sma_de_lpc4;pcm_fftMag_spectralFlux_sma_de_range;pcm_fftMag_spectralFlux_sma_de_maxPos;pcm_fftMag_spectralFlux_sma_de_minPos;pcm_fftMag_spectralFlux_sma_de_quartile1;pcm_fftMag_spectralFlux_sma_de_quartile2;pcm_fftMag_spectralFlux_sma_de_quartile3;pcm_fftMag_spectralFlux_sma_de_iqr1-2;pcm_fftMag_spectralFlux_sma_de_iqr2-3;pcm_fftMag_spectralFlux_sma_de_iqr1-3;pcm_fftMag_spectralFlux_sma_de_percentile1.0;pcm_fftMag_spectralFlux_sma_de_percentile99.0;pcm_fftMag_spectralFlux_sma_de_pctlrange0-1;pcm_fftMag_spectralFlux_sma_de_stddev;pcm_fftMag_spectralFlux_sma_de_skewness;pcm_fftMag_spectralFlux_sma_de_kurtosis;pcm_fftMag_spectralFlux_sma_de_meanSegLen;pcm_fftMag_spectralFlux_sma_de_maxSegLen;pcm_fftMag_spectralFlux_sma_de_minSegLen;pcm_fftMag_spectralFlux_sma_de_segLenStddev;pcm_fftMag_spectralFlux_sma_de_upleveltime25;pcm_fftMag_spectralFlux_sma_de_upleveltime50;pcm_fftMag_spectralFlux_sma_de_upleveltime75;pcm_fftMag_spectralFlux_sma_de_upleveltime90;pcm_fftMag_spectralFlux_sma_de_risetime;pcm_fftMag_spectralFlux_sma_de_leftctime;pcm_fftMag_spectralFlux_sma_de_lpgain;pcm_fftMag_spectralFlux_sma_de_lpc0;pcm_fftMag_spectralFlux_sma_de_lpc1;pcm_fftMag_spectralFlux_sma_de_lpc2;pcm_fftMag_spectralFlux_sma_de_lpc3;pcm_fftMag_spectralFlux_sma_de_lpc4;pcm_fftMag_spectralCentroid_sma_de_range;pcm_fftMag_spectralCentroid_sma_de_maxPos;pcm_fftMag_spectralCentroid_sma_de_minPos;pcm_fftMag_spectralCentroid_sma_de_quartile1;pcm_fftMag_spectralCentroid_sma_de_quartile2;pcm_fftMag_spectralCentroid_sma_de_quartile3;pcm_fftMag_spectralCentroid_sma_de_iqr1-2;pcm_fftMag_spectralCentroid_sma_de_iqr2-3;pcm_fftMag_spectralCentroid_sma_de_iqr1-3;pcm_fftMag_spectralCentroid_sma_de_percentile1.0;pcm_fftMag_spectralCentroid_sma_de_percentile99.0;pcm_fftMag_spectralCentroid_sma_de_pctlrange0-1;pcm_fftMag_spectralCentroid_sma_de_stddev;pcm_fftMag_spectralCentroid_sma_de_skewness;pcm_fftMag_spectralCentroid_sma_de_kurtosis;pcm_fftMag_spectralCentroid_sma_de_meanSegLen;pcm_fftMag_spectralCentroid_sma_de_maxSegLen;pcm_fftMag_spectralCentroid_sma_de_minSegLen;pcm_fftMag_spectralCentroid_sma_de_segLenStddev;pcm_fftMag_spectralCentroid_sma_de_upleveltime25;pcm_fftMag_spectralCentroid_sma_de_upleveltime50;pcm_fftMag_spectralCentroid_sma_de_upleveltime75;pcm_fftMag_spectralCentroid_sma_de_upleveltime90;pcm_fftMag_spectralCentroid_sma_de_risetime;pcm_fftMag_spectralCentroid_sma_de_leftctime;pcm_fftMag_spectralCentroid_sma_de_lpgain;pcm_fftMag_spectralCentroid_sma_de_lpc0;pcm_fftMag_spectralCentroid_sma_de_lpc1;pcm_fftMag_spectralCentroid_sma_de_lpc2;pcm_fftMag_spectralCentroid_sma_de_lpc3;pcm_fftMag_spectralCentroid_sma_de_lpc4;pcm_fftMag_spectralEntropy_sma_de_range;pcm_fftMag_spectralEntropy_sma_de_maxPos;pcm_fftMag_spectralEntropy_sma_de_minPos;pcm_fftMag_spectralEntropy_sma_de_quartile1;pcm_fftMag_spectralEntropy_sma_de_quartile2;pcm_fftMag_spectralEntropy_sma_de_quartile3;pcm_fftMag_spectralEntropy_sma_de_iqr1-2;pcm_fftMag_spectralEntropy_sma_de_iqr2-3;pcm_fftMag_spectralEntropy_sma_de_iqr1-3;pcm_fftMag_spectralEntropy_sma_de_percentile1.0;pcm_fftMag_spectralEntropy_sma_de_percentile99.0;pcm_fftMag_spectralEntropy_sma_de_pctlrange0-1;pcm_fftMag_spectralEntropy_sma_de_stddev;pcm_fftMag_spectralEntropy_sma_de_skewness;pcm_fftMag_spectralEntropy_sma_de_kurtosis;pcm_fftMag_spectralEntropy_sma_de_meanSegLen;pcm_fftMag_spectralEntropy_sma_de_maxSegLen;pcm_fftMag_spectralEntropy_sma_de_minSegLen;pcm_fftMag_spectralEntropy_sma_de_segLenStddev;pcm_fftMag_spectralEntropy_sma_de_upleveltime25;pcm_fftMag_spectralEntropy_sma_de_upleveltime50;pcm_fftMag_spectralEntropy_sma_de_upleveltime75;pcm_fftMag_spectralEntropy_sma_de_upleveltime90;pcm_fftMag_spectralEntropy_sma_de_risetime;pcm_fftMag_spectralEntropy_sma_de_leftctime;pcm_fftMag_spectralEntropy_sma_de_lpgain;pcm_fftMag_spectralEntropy_sma_de_lpc0;pcm_fftMag_spectralEntropy_sma_de_lpc1;pcm_fftMag_spectralEntropy_sma_de_lpc2;pcm_fftMag_spectralEntropy_sma_de_lpc3;pcm_fftMag_spectralEntropy_sma_de_lpc4;pcm_fftMag_spectralVariance_sma_de_range;pcm_fftMag_spectralVariance_sma_de_maxPos;pcm_fftMag_spectralVariance_sma_de_minPos;pcm_fftMag_spectralVariance_sma_de_quartile1;pcm_fftMag_spectralVariance_sma_de_quartile2;pcm_fftMag_spectralVariance_sma_de_quartile3;pcm_fftMag_spectralVariance_sma_de_iqr1-2;pcm_fftMag_spectralVariance_sma_de_iqr2-3;pcm_fftMag_spectralVariance_sma_de_iqr1-3;pcm_fftMag_spectralVariance_sma_de_percentile1.0;pcm_fftMag_spectralVariance_sma_de_percentile99.0;pcm_fftMag_spectralVariance_sma_de_pctlrange0-1;pcm_fftMag_spectralVariance_sma_de_stddev;pcm_fftMag_spectralVariance_sma_de_skewness;pcm_fftMag_spectralVariance_sma_de_kurtosis;pcm_fftMag_spectralVariance_sma_de_meanSegLen;pcm_fftMag_spectralVariance_sma_de_maxSegLen;pcm_fftMag_spectralVariance_sma_de_minSegLen;pcm_fftMag_spectralVariance_sma_de_segLenStddev;pcm_fftMag_spectralVariance_sma_de_upleveltime25;pcm_fftMag_spectralVariance_sma_de_upleveltime50;pcm_fftMag_spectralVariance_sma_de_upleveltime75;pcm_fftMag_spectralVariance_sma_de_upleveltime90;pcm_fftMag_spectralVariance_sma_de_risetime;pcm_fftMag_spectralVariance_sma_de_leftctime;pcm_fftMag_spectralVariance_sma_de_lpgain;pcm_fftMag_spectralVariance_sma_de_lpc0;pcm_fftMag_spectralVariance_sma_de_lpc1;pcm_fftMag_spectralVariance_sma_de_lpc2;pcm_fftMag_spectralVariance_sma_de_lpc3;pcm_fftMag_spectralVariance_sma_de_lpc4;pcm_fftMag_spectralSkewness_sma_de_range;pcm_fftMag_spectralSkewness_sma_de_maxPos;pcm_fftMag_spectralSkewness_sma_de_minPos;pcm_fftMag_spectralSkewness_sma_de_quartile1;pcm_fftMag_spectralSkewness_sma_de_quartile2;pcm_fftMag_spectralSkewness_sma_de_quartile3;pcm_fftMag_spectralSkewness_sma_de_iqr1-2;pcm_fftMag_spectralSkewness_sma_de_iqr2-3;pcm_fftMag_spectralSkewness_sma_de_iqr1-3;pcm_fftMag_spectralSkewness_sma_de_percentile1.0;pcm_fftMag_spectralSkewness_sma_de_percentile99.0;pcm_fftMag_spectralSkewness_sma_de_pctlrange0-1;pcm_fftMag_spectralSkewness_sma_de_stddev;pcm_fftMag_spectralSkewness_sma_de_skewness;pcm_fftMag_spectralSkewness_sma_de_kurtosis;pcm_fftMag_spectralSkewness_sma_de_meanSegLen;pcm_fftMag_spectralSkewness_sma_de_maxSegLen;pcm_fftMag_spectralSkewness_sma_de_minSegLen;pcm_fftMag_spectralSkewness_sma_de_segLenStddev;pcm_fftMag_spectralSkewness_sma_de_upleveltime25;pcm_fftMag_spectralSkewness_sma_de_upleveltime50;pcm_fftMag_spectralSkewness_sma_de_upleveltime75;pcm_fftMag_spectralSkewness_sma_de_upleveltime90;pcm_fftMag_spectralSkewness_sma_de_risetime;pcm_fftMag_spectralSkewness_sma_de_leftctime;pcm_fftMag_spectralSkewness_sma_de_lpgain;pcm_fftMag_spectralSkewness_sma_de_lpc0;pcm_fftMag_spectralSkewness_sma_de_lpc1;pcm_fftMag_spectralSkewness_sma_de_lpc2;pcm_fftMag_spectralSkewness_sma_de_lpc3;pcm_fftMag_spectralSkewness_sma_de_lpc4;pcm_fftMag_spectralKurtosis_sma_de_range;pcm_fftMag_spectralKurtosis_sma_de_maxPos;pcm_fftMag_spectralKurtosis_sma_de_minPos;pcm_fftMag_spectralKurtosis_sma_de_quartile1;pcm_fftMag_spectralKurtosis_sma_de_quartile2;pcm_fftMag_spectralKurtosis_sma_de_quartile3;pcm_fftMag_spectralKurtosis_sma_de_iqr1-2;pcm_fftMag_spectralKurtosis_sma_de_iqr2-3;pcm_fftMag_spectralKurtosis_sma_de_iqr1-3;pcm_fftMag_spectralKurtosis_sma_de_percentile1.0;pcm_fftMag_spectralKurtosis_sma_de_percentile99.0;pcm_fftMag_spectralKurtosis_sma_de_pctlrange0-1;pcm_fftMag_spectralKurtosis_sma_de_stddev;pcm_fftMag_spectralKurtosis_sma_de_skewness;pcm_fftMag_spectralKurtosis_sma_de_kurtosis;pcm_fftMag_spectralKurtosis_sma_de_meanSegLen;pcm_fftMag_spectralKurtosis_sma_de_maxSegLen;pcm_fftMag_spectralKurtosis_sma_de_minSegLen;pcm_fftMag_spectralKurtosis_sma_de_segLenStddev;pcm_fftMag_spectralKurtosis_sma_de_upleveltime25;pcm_fftMag_spectralKurtosis_sma_de_upleveltime50;pcm_fftMag_spectralKurtosis_sma_de_upleveltime75;pcm_fftMag_spectralKurtosis_sma_de_upleveltime90;pcm_fftMag_spectralKurtosis_sma_de_risetime;pcm_fftMag_spectralKurtosis_sma_de_leftctime;pcm_fftMag_spectralKurtosis_sma_de_lpgain;pcm_fftMag_spectralKurtosis_sma_de_lpc0;pcm_fftMag_spectralKurtosis_sma_de_lpc1;pcm_fftMag_spectralKurtosis_sma_de_lpc2;pcm_fftMag_spectralKurtosis_sma_de_lpc3;pcm_fftMag_spectralKurtosis_sma_de_lpc4;pcm_fftMag_spectralSlope_sma_de_range;pcm_fftMag_spectralSlope_sma_de_maxPos;pcm_fftMag_spectralSlope_sma_de_minPos;pcm_fftMag_spectralSlope_sma_de_quartile1;pcm_fftMag_spectralSlope_sma_de_quartile2;pcm_fftMag_spectralSlope_sma_de_quartile3;pcm_fftMag_spectralSlope_sma_de_iqr1-2;pcm_fftMag_spectralSlope_sma_de_iqr2-3;pcm_fftMag_spectralSlope_sma_de_iqr1-3;pcm_fftMag_spectralSlope_sma_de_percentile1.0;pcm_fftMag_spectralSlope_sma_de_percentile99.0;pcm_fftMag_spectralSlope_sma_de_pctlrange0-1;pcm_fftMag_spectralSlope_sma_de_stddev;pcm_fftMag_spectralSlope_sma_de_skewness;pcm_fftMag_spectralSlope_sma_de_kurtosis;pcm_fftMag_spectralSlope_sma_de_meanSegLen;pcm_fftMag_spectralSlope_sma_de_maxSegLen;pcm_fftMag_spectralSlope_sma_de_minSegLen;pcm_fftMag_spectralSlope_sma_de_segLenStddev;pcm_fftMag_spectralSlope_sma_de_upleveltime25;pcm_fftMag_spectralSlope_sma_de_upleveltime50;pcm_fftMag_spectralSlope_sma_de_upleveltime75;pcm_fftMag_spectralSlope_sma_de_upleveltime90;pcm_fftMag_spectralSlope_sma_de_risetime;pcm_fftMag_spectralSlope_sma_de_leftctime;pcm_fftMag_spectralSlope_sma_de_lpgain;pcm_fftMag_spectralSlope_sma_de_lpc0;pcm_fftMag_spectralSlope_sma_de_lpc1;pcm_fftMag_spectralSlope_sma_de_lpc2;pcm_fftMag_spectralSlope_sma_de_lpc3;pcm_fftMag_spectralSlope_sma_de_lpc4;pcm_fftMag_psySharpness_sma_de_range;pcm_fftMag_psySharpness_sma_de_maxPos;pcm_fftMag_psySharpness_sma_de_minPos;pcm_fftMag_psySharpness_sma_de_quartile1;pcm_fftMag_psySharpness_sma_de_quartile2;pcm_fftMag_psySharpness_sma_de_quartile3;pcm_fftMag_psySharpness_sma_de_iqr1-2;pcm_fftMag_psySharpness_sma_de_iqr2-3;pcm_fftMag_psySharpness_sma_de_iqr1-3;pcm_fftMag_psySharpness_sma_de_percentile1.0;pcm_fftMag_psySharpness_sma_de_percentile99.0;pcm_fftMag_psySharpness_sma_de_pctlrange0-1;pcm_fftMag_psySharpness_sma_de_stddev;pcm_fftMag_psySharpness_sma_de_skewness;pcm_fftMag_psySharpness_sma_de_kurtosis;pcm_fftMag_psySharpness_sma_de_meanSegLen;pcm_fftMag_psySharpness_sma_de_maxSegLen;pcm_fftMag_psySharpness_sma_de_minSegLen;pcm_fftMag_psySharpness_sma_de_segLenStddev;pcm_fftMag_psySharpness_sma_de_upleveltime25;pcm_fftMag_psySharpness_sma_de_upleveltime50;pcm_fftMag_psySharpness_sma_de_upleveltime75;pcm_fftMag_psySharpness_sma_de_upleveltime90;pcm_fftMag_psySharpness_sma_de_risetime;pcm_fftMag_psySharpness_sma_de_leftctime;pcm_fftMag_psySharpness_sma_de_lpgain;pcm_fftMag_psySharpness_sma_de_lpc0;pcm_fftMag_psySharpness_sma_de_lpc1;pcm_fftMag_psySharpness_sma_de_lpc2;pcm_fftMag_psySharpness_sma_de_lpc3;pcm_fftMag_psySharpness_sma_de_lpc4;pcm_fftMag_spectralHarmonicity_sma_de_range;pcm_fftMag_spectralHarmonicity_sma_de_maxPos;pcm_fftMag_spectralHarmonicity_sma_de_minPos;pcm_fftMag_spectralHarmonicity_sma_de_quartile1;pcm_fftMag_spectralHarmonicity_sma_de_quartile2;pcm_fftMag_spectralHarmonicity_sma_de_quartile3;pcm_fftMag_spectralHarmonicity_sma_de_iqr1-2;pcm_fftMag_spectralHarmonicity_sma_de_iqr2-3;pcm_fftMag_spectralHarmonicity_sma_de_iqr1-3;pcm_fftMag_spectralHarmonicity_sma_de_percentile1.0;pcm_fftMag_spectralHarmonicity_sma_de_percentile99.0;pcm_fftMag_spectralHarmonicity_sma_de_pctlrange0-1;pcm_fftMag_spectralHarmonicity_sma_de_stddev;pcm_fftMag_spectralHarmonicity_sma_de_skewness;pcm_fftMag_spectralHarmonicity_sma_de_kurtosis;pcm_fftMag_spectralHarmonicity_sma_de_meanSegLen;pcm_fftMag_spectralHarmonicity_sma_de_maxSegLen;pcm_fftMag_spectralHarmonicity_sma_de_minSegLen;pcm_fftMag_spectralHarmonicity_sma_de_segLenStddev;pcm_fftMag_spectralHarmonicity_sma_de_upleveltime25;pcm_fftMag_spectralHarmonicity_sma_de_upleveltime50;pcm_fftMag_spectralHarmonicity_sma_de_upleveltime75;pcm_fftMag_spectralHarmonicity_sma_de_upleveltime90;pcm_fftMag_spectralHarmonicity_sma_de_risetime;pcm_fftMag_spectralHarmonicity_sma_de_leftctime;pcm_fftMag_spectralHarmonicity_sma_de_lpgain;pcm_fftMag_spectralHarmonicity_sma_de_lpc0;pcm_fftMag_spectralHarmonicity_sma_de_lpc1;pcm_fftMag_spectralHarmonicity_sma_de_lpc2;pcm_fftMag_spectralHarmonicity_sma_de_lpc3;pcm_fftMag_spectralHarmonicity_sma_de_lpc4;mfcc_sma_de[1]_range;mfcc_sma_de[1]_maxPos;mfcc_sma_de[1]_minPos;mfcc_sma_de[1]_quartile1;mfcc_sma_de[1]_quartile2;mfcc_sma_de[1]_quartile3;mfcc_sma_de[1]_iqr1-2;mfcc_sma_de[1]_iqr2-3;mfcc_sma_de[1]_iqr1-3;mfcc_sma_de[1]_percentile1.0;mfcc_sma_de[1]_percentile99.0;mfcc_sma_de[1]_pctlrange0-1;mfcc_sma_de[1]_stddev;mfcc_sma_de[1]_skewness;mfcc_sma_de[1]_kurtosis;mfcc_sma_de[1]_meanSegLen;mfcc_sma_de[1]_maxSegLen;mfcc_sma_de[1]_minSegLen;mfcc_sma_de[1]_segLenStddev;mfcc_sma_de[1]_upleveltime25;mfcc_sma_de[1]_upleveltime50;mfcc_sma_de[1]_upleveltime75;mfcc_sma_de[1]_upleveltime90;mfcc_sma_de[1]_risetime;mfcc_sma_de[1]_leftctime;mfcc_sma_de[1]_lpgain;mfcc_sma_de[1]_lpc0;mfcc_sma_de[1]_lpc1;mfcc_sma_de[1]_lpc2;mfcc_sma_de[1]_lpc3;mfcc_sma_de[1]_lpc4;mfcc_sma_de[2]_range;mfcc_sma_de[2]_maxPos;mfcc_sma_de[2]_minPos;mfcc_sma_de[2]_quartile1;mfcc_sma_de[2]_quartile2;mfcc_sma_de[2]_quartile3;mfcc_sma_de[2]_iqr1-2;mfcc_sma_de[2]_iqr2-3;mfcc_sma_de[2]_iqr1-3;mfcc_sma_de[2]_percentile1.0;mfcc_sma_de[2]_percentile99.0;mfcc_sma_de[2]_pctlrange0-1;mfcc_sma_de[2]_stddev;mfcc_sma_de[2]_skewness;mfcc_sma_de[2]_kurtosis;mfcc_sma_de[2]_meanSegLen;mfcc_sma_de[2]_maxSegLen;mfcc_sma_de[2]_minSegLen;mfcc_sma_de[2]_segLenStddev;mfcc_sma_de[2]_upleveltime25;mfcc_sma_de[2]_upleveltime50;mfcc_sma_de[2]_upleveltime75;mfcc_sma_de[2]_upleveltime90;mfcc_sma_de[2]_risetime;mfcc_sma_de[2]_leftctime;mfcc_sma_de[2]_lpgain;mfcc_sma_de[2]_lpc0;mfcc_sma_de[2]_lpc1;mfcc_sma_de[2]_lpc2;mfcc_sma_de[2]_lpc3;mfcc_sma_de[2]_lpc4;mfcc_sma_de[3]_range;mfcc_sma_de[3]_maxPos;mfcc_sma_de[3]_minPos;mfcc_sma_de[3]_quartile1;mfcc_sma_de[3]_quartile2;mfcc_sma_de[3]_quartile3;mfcc_sma_de[3]_iqr1-2;mfcc_sma_de[3]_iqr2-3;mfcc_sma_de[3]_iqr1-3;mfcc_sma_de[3]_percentile1.0;mfcc_sma_de[3]_percentile99.0;mfcc_sma_de[3]_pctlrange0-1;mfcc_sma_de[3]_stddev;mfcc_sma_de[3]_skewness;mfcc_sma_de[3]_kurtosis;mfcc_sma_de[3]_meanSegLen;mfcc_sma_de[3]_maxSegLen;mfcc_sma_de[3]_minSegLen;mfcc_sma_de[3]_segLenStddev;mfcc_sma_de[3]_upleveltime25;mfcc_sma_de[3]_upleveltime50;mfcc_sma_de[3]_upleveltime75;mfcc_sma_de[3]_upleveltime90;mfcc_sma_de[3]_risetime;mfcc_sma_de[3]_leftctime;mfcc_sma_de[3]_lpgain;mfcc_sma_de[3]_lpc0;mfcc_sma_de[3]_lpc1;mfcc_sma_de[3]_lpc2;mfcc_sma_de[3]_lpc3;mfcc_sma_de[3]_lpc4;mfcc_sma_de[4]_range;mfcc_sma_de[4]_maxPos;mfcc_sma_de[4]_minPos;mfcc_sma_de[4]_quartile1;mfcc_sma_de[4]_quartile2;mfcc_sma_de[4]_quartile3;mfcc_sma_de[4]_iqr1-2;mfcc_sma_de[4]_iqr2-3;mfcc_sma_de[4]_iqr1-3;mfcc_sma_de[4]_percentile1.0;mfcc_sma_de[4]_percentile99.0;mfcc_sma_de[4]_pctlrange0-1;mfcc_sma_de[4]_stddev;mfcc_sma_de[4]_skewness;mfcc_sma_de[4]_kurtosis;mfcc_sma_de[4]_meanSegLen;mfcc_sma_de[4]_maxSegLen;mfcc_sma_de[4]_minSegLen;mfcc_sma_de[4]_segLenStddev;mfcc_sma_de[4]_upleveltime25;mfcc_sma_de[4]_upleveltime50;mfcc_sma_de[4]_upleveltime75;mfcc_sma_de[4]_upleveltime90;mfcc_sma_de[4]_risetime;mfcc_sma_de[4]_leftctime;mfcc_sma_de[4]_lpgain;mfcc_sma_de[4]_lpc0;mfcc_sma_de[4]_lpc1;mfcc_sma_de[4]_lpc2;mfcc_sma_de[4]_lpc3;mfcc_sma_de[4]_lpc4;mfcc_sma_de[5]_range;mfcc_sma_de[5]_maxPos;mfcc_sma_de[5]_minPos;mfcc_sma_de[5]_quartile1;mfcc_sma_de[5]_quartile2;mfcc_sma_de[5]_quartile3;mfcc_sma_de[5]_iqr1-2;mfcc_sma_de[5]_iqr2-3;mfcc_sma_de[5]_iqr1-3;mfcc_sma_de[5]_percentile1.0;mfcc_sma_de[5]_percentile99.0;mfcc_sma_de[5]_pctlrange0-1;mfcc_sma_de[5]_stddev;mfcc_sma_de[5]_skewness;mfcc_sma_de[5]_kurtosis;mfcc_sma_de[5]_meanSegLen;mfcc_sma_de[5]_maxSegLen;mfcc_sma_de[5]_minSegLen;mfcc_sma_de[5]_segLenStddev;mfcc_sma_de[5]_upleveltime25;mfcc_sma_de[5]_upleveltime50;mfcc_sma_de[5]_upleveltime75;mfcc_sma_de[5]_upleveltime90;mfcc_sma_de[5]_risetime;mfcc_sma_de[5]_leftctime;mfcc_sma_de[5]_lpgain;mfcc_sma_de[5]_lpc0;mfcc_sma_de[5]_lpc1;mfcc_sma_de[5]_lpc2;mfcc_sma_de[5]_lpc3;mfcc_sma_de[5]_lpc4;mfcc_sma_de[6]_range;mfcc_sma_de[6]_maxPos;mfcc_sma_de[6]_minPos;mfcc_sma_de[6]_quartile1;mfcc_sma_de[6]_quartile2;mfcc_sma_de[6]_quartile3;mfcc_sma_de[6]_iqr1-2;mfcc_sma_de[6]_iqr2-3;mfcc_sma_de[6]_iqr1-3;mfcc_sma_de[6]_percentile1.0;mfcc_sma_de[6]_percentile99.0;mfcc_sma_de[6]_pctlrange0-1;mfcc_sma_de[6]_stddev;mfcc_sma_de[6]_skewness;mfcc_sma_de[6]_kurtosis;mfcc_sma_de[6]_meanSegLen;mfcc_sma_de[6]_maxSegLen;mfcc_sma_de[6]_minSegLen;mfcc_sma_de[6]_segLenStddev;mfcc_sma_de[6]_upleveltime25;mfcc_sma_de[6]_upleveltime50;mfcc_sma_de[6]_upleveltime75;mfcc_sma_de[6]_upleveltime90;mfcc_sma_de[6]_risetime;mfcc_sma_de[6]_leftctime;mfcc_sma_de[6]_lpgain;mfcc_sma_de[6]_lpc0;mfcc_sma_de[6]_lpc1;mfcc_sma_de[6]_lpc2;mfcc_sma_de[6]_lpc3;mfcc_sma_de[6]_lpc4;mfcc_sma_de[7]_range;mfcc_sma_de[7]_maxPos;mfcc_sma_de[7]_minPos;mfcc_sma_de[7]_quartile1;mfcc_sma_de[7]_quartile2;mfcc_sma_de[7]_quartile3;mfcc_sma_de[7]_iqr1-2;mfcc_sma_de[7]_iqr2-3;mfcc_sma_de[7]_iqr1-3;mfcc_sma_de[7]_percentile1.0;mfcc_sma_de[7]_percentile99.0;mfcc_sma_de[7]_pctlrange0-1;mfcc_sma_de[7]_stddev;mfcc_sma_de[7]_skewness;mfcc_sma_de[7]_kurtosis;mfcc_sma_de[7]_meanSegLen;mfcc_sma_de[7]_maxSegLen;mfcc_sma_de[7]_minSegLen;mfcc_sma_de[7]_segLenStddev;mfcc_sma_de[7]_upleveltime25;mfcc_sma_de[7]_upleveltime50;mfcc_sma_de[7]_upleveltime75;mfcc_sma_de[7]_upleveltime90;mfcc_sma_de[7]_risetime;mfcc_sma_de[7]_leftctime;mfcc_sma_de[7]_lpgain;mfcc_sma_de[7]_lpc0;mfcc_sma_de[7]_lpc1;mfcc_sma_de[7]_lpc2;mfcc_sma_de[7]_lpc3;mfcc_sma_de[7]_lpc4;mfcc_sma_de[8]_range;mfcc_sma_de[8]_maxPos;mfcc_sma_de[8]_minPos;mfcc_sma_de[8]_quartile1;mfcc_sma_de[8]_quartile2;mfcc_sma_de[8]_quartile3;mfcc_sma_de[8]_iqr1-2;mfcc_sma_de[8]_iqr2-3;mfcc_sma_de[8]_iqr1-3;mfcc_sma_de[8]_percentile1.0;mfcc_sma_de[8]_percentile99.0;mfcc_sma_de[8]_pctlrange0-1;mfcc_sma_de[8]_stddev;mfcc_sma_de[8]_skewness;mfcc_sma_de[8]_kurtosis;mfcc_sma_de[8]_meanSegLen;mfcc_sma_de[8]_maxSegLen;mfcc_sma_de[8]_minSegLen;mfcc_sma_de[8]_segLenStddev;mfcc_sma_de[8]_upleveltime25;mfcc_sma_de[8]_upleveltime50;mfcc_sma_de[8]_upleveltime75;mfcc_sma_de[8]_upleveltime90;mfcc_sma_de[8]_risetime;mfcc_sma_de[8]_leftctime;mfcc_sma_de[8]_lpgain;mfcc_sma_de[8]_lpc0;mfcc_sma_de[8]_lpc1;mfcc_sma_de[8]_lpc2;mfcc_sma_de[8]_lpc3;mfcc_sma_de[8]_lpc4;mfcc_sma_de[9]_range;mfcc_sma_de[9]_maxPos;mfcc_sma_de[9]_minPos;mfcc_sma_de[9]_quartile1;mfcc_sma_de[9]_quartile2;mfcc_sma_de[9]_quartile3;mfcc_sma_de[9]_iqr1-2;mfcc_sma_de[9]_iqr2-3;mfcc_sma_de[9]_iqr1-3;mfcc_sma_de[9]_percentile1.0;mfcc_sma_de[9]_percentile99.0;mfcc_sma_de[9]_pctlrange0-1;mfcc_sma_de[9]_stddev;mfcc_sma_de[9]_skewness;mfcc_sma_de[9]_kurtosis;mfcc_sma_de[9]_meanSegLen;mfcc_sma_de[9]_maxSegLen;mfcc_sma_de[9]_minSegLen;mfcc_sma_de[9]_segLenStddev;mfcc_sma_de[9]_upleveltime25;mfcc_sma_de[9]_upleveltime50;mfcc_sma_de[9]_upleveltime75;mfcc_sma_de[9]_upleveltime90;mfcc_sma_de[9]_risetime;mfcc_sma_de[9]_leftctime;mfcc_sma_de[9]_lpgain;mfcc_sma_de[9]_lpc0;mfcc_sma_de[9]_lpc1;mfcc_sma_de[9]_lpc2;mfcc_sma_de[9]_lpc3;mfcc_sma_de[9]_lpc4;mfcc_sma_de[10]_range;mfcc_sma_de[10]_maxPos;mfcc_sma_de[10]_minPos;mfcc_sma_de[10]_quartile1;mfcc_sma_de[10]_quartile2;mfcc_sma_de[10]_quartile3;mfcc_sma_de[10]_iqr1-2;mfcc_sma_de[10]_iqr2-3;mfcc_sma_de[10]_iqr1-3;mfcc_sma_de[10]_percentile1.0;mfcc_sma_de[10]_percentile99.0;mfcc_sma_de[10]_pctlrange0-1;mfcc_sma_de[10]_stddev;mfcc_sma_de[10]_skewness;mfcc_sma_de[10]_kurtosis;mfcc_sma_de[10]_meanSegLen;mfcc_sma_de[10]_maxSegLen;mfcc_sma_de[10]_minSegLen;mfcc_sma_de[10]_segLenStddev;mfcc_sma_de[10]_upleveltime25;mfcc_sma_de[10]_upleveltime50;mfcc_sma_de[10]_upleveltime75;mfcc_sma_de[10]_upleveltime90;mfcc_sma_de[10]_risetime;mfcc_sma_de[10]_leftctime;mfcc_sma_de[10]_lpgain;mfcc_sma_de[10]_lpc0;mfcc_sma_de[10]_lpc1;mfcc_sma_de[10]_lpc2;mfcc_sma_de[10]_lpc3;mfcc_sma_de[10]_lpc4;mfcc_sma_de[11]_range;mfcc_sma_de[11]_maxPos;mfcc_sma_de[11]_minPos;mfcc_sma_de[11]_quartile1;mfcc_sma_de[11]_quartile2;mfcc_sma_de[11]_quartile3;mfcc_sma_de[11]_iqr1-2;mfcc_sma_de[11]_iqr2-3;mfcc_sma_de[11]_iqr1-3;mfcc_sma_de[11]_percentile1.0;mfcc_sma_de[11]_percentile99.0;mfcc_sma_de[11]_pctlrange0-1;mfcc_sma_de[11]_stddev;mfcc_sma_de[11]_skewness;mfcc_sma_de[11]_kurtosis;mfcc_sma_de[11]_meanSegLen;mfcc_sma_de[11]_maxSegLen;mfcc_sma_de[11]_minSegLen;mfcc_sma_de[11]_segLenStddev;mfcc_sma_de[11]_upleveltime25;mfcc_sma_de[11]_upleveltime50;mfcc_sma_de[11]_upleveltime75;mfcc_sma_de[11]_upleveltime90;mfcc_sma_de[11]_risetime;mfcc_sma_de[11]_leftctime;mfcc_sma_de[11]_lpgain;mfcc_sma_de[11]_lpc0;mfcc_sma_de[11]_lpc1;mfcc_sma_de[11]_lpc2;mfcc_sma_de[11]_lpc3;mfcc_sma_de[11]_lpc4;mfcc_sma_de[12]_range;mfcc_sma_de[12]_maxPos;mfcc_sma_de[12]_minPos;mfcc_sma_de[12]_quartile1;mfcc_sma_de[12]_quartile2;mfcc_sma_de[12]_quartile3;mfcc_sma_de[12]_iqr1-2;mfcc_sma_de[12]_iqr2-3;mfcc_sma_de[12]_iqr1-3;mfcc_sma_de[12]_percentile1.0;mfcc_sma_de[12]_percentile99.0;mfcc_sma_de[12]_pctlrange0-1;mfcc_sma_de[12]_stddev;mfcc_sma_de[12]_skewness;mfcc_sma_de[12]_kurtosis;mfcc_sma_de[12]_meanSegLen;mfcc_sma_de[12]_maxSegLen;mfcc_sma_de[12]_minSegLen;mfcc_sma_de[12]_segLenStddev;mfcc_sma_de[12]_upleveltime25;mfcc_sma_de[12]_upleveltime50;mfcc_sma_de[12]_upleveltime75;mfcc_sma_de[12]_upleveltime90;mfcc_sma_de[12]_risetime;mfcc_sma_de[12]_leftctime;mfcc_sma_de[12]_lpgain;mfcc_sma_de[12]_lpc0;mfcc_sma_de[12]_lpc1;mfcc_sma_de[12]_lpc2;mfcc_sma_de[12]_lpc3;mfcc_sma_de[12]_lpc4;mfcc_sma_de[13]_range;mfcc_sma_de[13]_maxPos;mfcc_sma_de[13]_minPos;mfcc_sma_de[13]_quartile1;mfcc_sma_de[13]_quartile2;mfcc_sma_de[13]_quartile3;mfcc_sma_de[13]_iqr1-2;mfcc_sma_de[13]_iqr2-3;mfcc_sma_de[13]_iqr1-3;mfcc_sma_de[13]_percentile1.0;mfcc_sma_de[13]_percentile99.0;mfcc_sma_de[13]_pctlrange0-1;mfcc_sma_de[13]_stddev;mfcc_sma_de[13]_skewness;mfcc_sma_de[13]_kurtosis;mfcc_sma_de[13]_meanSegLen;mfcc_sma_de[13]_maxSegLen;mfcc_sma_de[13]_minSegLen;mfcc_sma_de[13]_segLenStddev;mfcc_sma_de[13]_upleveltime25;mfcc_sma_de[13]_upleveltime50;mfcc_sma_de[13]_upleveltime75;mfcc_sma_de[13]_upleveltime90;mfcc_sma_de[13]_risetime;mfcc_sma_de[13]_leftctime;mfcc_sma_de[13]_lpgain;mfcc_sma_de[13]_lpc0;mfcc_sma_de[13]_lpc1;mfcc_sma_de[13]_lpc2;mfcc_sma_de[13]_lpc3;mfcc_sma_de[13]_lpc4;mfcc_sma_de[14]_range;mfcc_sma_de[14]_maxPos;mfcc_sma_de[14]_minPos;mfcc_sma_de[14]_quartile1;mfcc_sma_de[14]_quartile2;mfcc_sma_de[14]_quartile3;mfcc_sma_de[14]_iqr1-2;mfcc_sma_de[14]_iqr2-3;mfcc_sma_de[14]_iqr1-3;mfcc_sma_de[14]_percentile1.0;mfcc_sma_de[14]_percentile99.0;mfcc_sma_de[14]_pctlrange0-1;mfcc_sma_de[14]_stddev;mfcc_sma_de[14]_skewness;mfcc_sma_de[14]_kurtosis;mfcc_sma_de[14]_meanSegLen;mfcc_sma_de[14]_maxSegLen;mfcc_sma_de[14]_minSegLen;mfcc_sma_de[14]_segLenStddev;mfcc_sma_de[14]_upleveltime25;mfcc_sma_de[14]_upleveltime50;mfcc_sma_de[14]_upleveltime75;mfcc_sma_de[14]_upleveltime90;mfcc_sma_de[14]_risetime;mfcc_sma_de[14]_leftctime;mfcc_sma_de[14]_lpgain;mfcc_sma_de[14]_lpc0;mfcc_sma_de[14]_lpc1;mfcc_sma_de[14]_lpc2;mfcc_sma_de[14]_lpc3;mfcc_sma_de[14]_lpc4;F0final_sma_amean;F0final_sma_flatness;F0final_sma_posamean;F0final_sma_rqmean;F0final_sma_range;F0final_sma_maxPos;F0final_sma_minPos;F0final_sma_linregc1;F0final_sma_linregc2;F0final_sma_linregerrQ;F0final_sma_qregc1;F0final_sma_qregc2;F0final_sma_qregc3;F0final_sma_qregerrQ;F0final_sma_centroid;F0final_sma_quartile1;F0final_sma_quartile2;F0final_sma_quartile3;F0final_sma_iqr1-2;F0final_sma_iqr2-3;F0final_sma_iqr1-3;F0final_sma_percentile1.0;F0final_sma_percentile99.0;F0final_sma_pctlrange0-1;F0final_sma_stddev;F0final_sma_skewness;F0final_sma_kurtosis;F0final_sma_upleveltime25;F0final_sma_upleveltime50;F0final_sma_upleveltime75;F0final_sma_upleveltime90;F0final_sma_risetime;F0final_sma_leftctime;F0final_sma_lpgain;F0final_sma_lpc0;F0final_sma_lpc1;F0final_sma_lpc2;F0final_sma_lpc3;F0final_sma_lpc4;voicingFinalUnclipped_sma_amean;voicingFinalUnclipped_sma_flatness;voicingFinalUnclipped_sma_posamean;voicingFinalUnclipped_sma_rqmean;voicingFinalUnclipped_sma_range;voicingFinalUnclipped_sma_maxPos;voicingFinalUnclipped_sma_minPos;voicingFinalUnclipped_sma_linregc1;voicingFinalUnclipped_sma_linregc2;voicingFinalUnclipped_sma_linregerrQ;voicingFinalUnclipped_sma_qregc1;voicingFinalUnclipped_sma_qregc2;voicingFinalUnclipped_sma_qregc3;voicingFinalUnclipped_sma_qregerrQ;voicingFinalUnclipped_sma_centroid;voicingFinalUnclipped_sma_quartile1;voicingFinalUnclipped_sma_quartile2;voicingFinalUnclipped_sma_quartile3;voicingFinalUnclipped_sma_iqr1-2;voicingFinalUnclipped_sma_iqr2-3;voicingFinalUnclipped_sma_iqr1-3;voicingFinalUnclipped_sma_percentile1.0;voicingFinalUnclipped_sma_percentile99.0;voicingFinalUnclipped_sma_pctlrange0-1;voicingFinalUnclipped_sma_stddev;voicingFinalUnclipped_sma_skewness;voicingFinalUnclipped_sma_kurtosis;voicingFinalUnclipped_sma_upleveltime25;voicingFinalUnclipped_sma_upleveltime50;voicingFinalUnclipped_sma_upleveltime75;voicingFinalUnclipped_sma_upleveltime90;voicingFinalUnclipped_sma_risetime;voicingFinalUnclipped_sma_leftctime;voicingFinalUnclipped_sma_lpgain;voicingFinalUnclipped_sma_lpc0;voicingFinalUnclipped_sma_lpc1;voicingFinalUnclipped_sma_lpc2;voicingFinalUnclipped_sma_lpc3;voicingFinalUnclipped_sma_lpc4;jitterLocal_sma_amean;jitterLocal_sma_flatness;jitterLocal_sma_posamean;jitterLocal_sma_rqmean;jitterLocal_sma_range;jitterLocal_sma_maxPos;jitterLocal_sma_minPos;jitterLocal_sma_linregc1;jitterLocal_sma_linregc2;jitterLocal_sma_linregerrQ;jitterLocal_sma_qregc1;jitterLocal_sma_qregc2;jitterLocal_sma_qregc3;jitterLocal_sma_qregerrQ;jitterLocal_sma_centroid;jitterLocal_sma_quartile1;jitterLocal_sma_quartile2;jitterLocal_sma_quartile3;jitterLocal_sma_iqr1-2;jitterLocal_sma_iqr2-3;jitterLocal_sma_iqr1-3;jitterLocal_sma_percentile1.0;jitterLocal_sma_percentile99.0;jitterLocal_sma_pctlrange0-1;jitterLocal_sma_stddev;jitterLocal_sma_skewness;jitterLocal_sma_kurtosis;jitterLocal_sma_upleveltime25;jitterLocal_sma_upleveltime50;jitterLocal_sma_upleveltime75;jitterLocal_sma_upleveltime90;jitterLocal_sma_risetime;jitterLocal_sma_leftctime;jitterLocal_sma_lpgain;jitterLocal_sma_lpc0;jitterLocal_sma_lpc1;jitterLocal_sma_lpc2;jitterLocal_sma_lpc3;jitterLocal_sma_lpc4;jitterDDP_sma_amean;jitterDDP_sma_flatness;jitterDDP_sma_posamean;jitterDDP_sma_rqmean;jitterDDP_sma_range;jitterDDP_sma_maxPos;jitterDDP_sma_minPos;jitterDDP_sma_linregc1;jitterDDP_sma_linregc2;jitterDDP_sma_linregerrQ;jitterDDP_sma_qregc1;jitterDDP_sma_qregc2;jitterDDP_sma_qregc3;jitterDDP_sma_qregerrQ;jitterDDP_sma_centroid;jitterDDP_sma_quartile1;jitterDDP_sma_quartile2;jitterDDP_sma_quartile3;jitterDDP_sma_iqr1-2;jitterDDP_sma_iqr2-3;jitterDDP_sma_iqr1-3;jitterDDP_sma_percentile1.0;jitterDDP_sma_percentile99.0;jitterDDP_sma_pctlrange0-1;jitterDDP_sma_stddev;jitterDDP_sma_skewness;jitterDDP_sma_kurtosis;jitterDDP_sma_upleveltime25;jitterDDP_sma_upleveltime50;jitterDDP_sma_upleveltime75;jitterDDP_sma_upleveltime90;jitterDDP_sma_risetime;jitterDDP_sma_leftctime;jitterDDP_sma_lpgain;jitterDDP_sma_lpc0;jitterDDP_sma_lpc1;jitterDDP_sma_lpc2;jitterDDP_sma_lpc3;jitterDDP_sma_lpc4;shimmerLocal_sma_amean;shimmerLocal_sma_flatness;shimmerLocal_sma_posamean;shimmerLocal_sma_rqmean;shimmerLocal_sma_range;shimmerLocal_sma_maxPos;shimmerLocal_sma_minPos;shimmerLocal_sma_linregc1;shimmerLocal_sma_linregc2;shimmerLocal_sma_linregerrQ;shimmerLocal_sma_qregc1;shimmerLocal_sma_qregc2;shimmerLocal_sma_qregc3;shimmerLocal_sma_qregerrQ;shimmerLocal_sma_centroid;shimmerLocal_sma_quartile1;shimmerLocal_sma_quartile2;shimmerLocal_sma_quartile3;shimmerLocal_sma_iqr1-2;shimmerLocal_sma_iqr2-3;shimmerLocal_sma_iqr1-3;shimmerLocal_sma_percentile1.0;shimmerLocal_sma_percentile99.0;shimmerLocal_sma_pctlrange0-1;shimmerLocal_sma_stddev;shimmerLocal_sma_skewness;shimmerLocal_sma_kurtosis;shimmerLocal_sma_upleveltime25;shimmerLocal_sma_upleveltime50;shimmerLocal_sma_upleveltime75;shimmerLocal_sma_upleveltime90;shimmerLocal_sma_risetime;shimmerLocal_sma_leftctime;shimmerLocal_sma_lpgain;shimmerLocal_sma_lpc0;shimmerLocal_sma_lpc1;shimmerLocal_sma_lpc2;shimmerLocal_sma_lpc3;shimmerLocal_sma_lpc4;logHNR_sma_amean;logHNR_sma_flatness;logHNR_sma_posamean;logHNR_sma_rqmean;logHNR_sma_range;logHNR_sma_maxPos;logHNR_sma_minPos;logHNR_sma_linregc1;logHNR_sma_linregc2;logHNR_sma_linregerrQ;logHNR_sma_qregc1;logHNR_sma_qregc2;logHNR_sma_qregc3;logHNR_sma_qregerrQ;logHNR_sma_centroid;logHNR_sma_quartile1;logHNR_sma_quartile2;logHNR_sma_quartile3;logHNR_sma_iqr1-2;logHNR_sma_iqr2-3;logHNR_sma_iqr1-3;logHNR_sma_percentile1.0;logHNR_sma_percentile99.0;logHNR_sma_pctlrange0-1;logHNR_sma_stddev;logHNR_sma_skewness;logHNR_sma_kurtosis;logHNR_sma_upleveltime25;logHNR_sma_upleveltime50;logHNR_sma_upleveltime75;logHNR_sma_upleveltime90;logHNR_sma_risetime;logHNR_sma_leftctime;logHNR_sma_lpgain;logHNR_sma_lpc0;logHNR_sma_lpc1;logHNR_sma_lpc2;logHNR_sma_lpc3;logHNR_sma_lpc4;F0final_sma_de_amean;F0final_sma_de_flatness;F0final_sma_de_posamean;F0final_sma_de_rqmean;F0final_sma_de_range;F0final_sma_de_maxPos;F0final_sma_de_minPos;F0final_sma_de_linregc1;F0final_sma_de_linregc2;F0final_sma_de_linregerrQ;F0final_sma_de_qregc1;F0final_sma_de_qregc2;F0final_sma_de_qregc3;F0final_sma_de_qregerrQ;F0final_sma_de_centroid;F0final_sma_de_quartile1;F0final_sma_de_quartile2;F0final_sma_de_quartile3;F0final_sma_de_iqr1-2;F0final_sma_de_iqr2-3;F0final_sma_de_iqr1-3;F0final_sma_de_percentile1.0;F0final_sma_de_percentile99.0;F0final_sma_de_pctlrange0-1;F0final_sma_de_stddev;F0final_sma_de_skewness;F0final_sma_de_kurtosis;F0final_sma_de_upleveltime25;F0final_sma_de_upleveltime50;F0final_sma_de_upleveltime75;F0final_sma_de_upleveltime90;F0final_sma_de_risetime;F0final_sma_de_leftctime;F0final_sma_de_lpgain;F0final_sma_de_lpc0;F0final_sma_de_lpc1;F0final_sma_de_lpc2;F0final_sma_de_lpc3;F0final_sma_de_lpc4;voicingFinalUnclipped_sma_de_amean;voicingFinalUnclipped_sma_de_flatness;voicingFinalUnclipped_sma_de_posamean;voicingFinalUnclipped_sma_de_rqmean;voicingFinalUnclipped_sma_de_range;voicingFinalUnclipped_sma_de_maxPos;voicingFinalUnclipped_sma_de_minPos;voicingFinalUnclipped_sma_de_linregc1;voicingFinalUnclipped_sma_de_linregc2;voicingFinalUnclipped_sma_de_linregerrQ;voicingFinalUnclipped_sma_de_qregc1;voicingFinalUnclipped_sma_de_qregc2;voicingFinalUnclipped_sma_de_qregc3;voicingFinalUnclipped_sma_de_qregerrQ;voicingFinalUnclipped_sma_de_centroid;voicingFinalUnclipped_sma_de_quartile1;voicingFinalUnclipped_sma_de_quartile2;voicingFinalUnclipped_sma_de_quartile3;voicingFinalUnclipped_sma_de_iqr1-2;voicingFinalUnclipped_sma_de_iqr2-3;voicingFinalUnclipped_sma_de_iqr1-3;voicingFinalUnclipped_sma_de_percentile1.0;voicingFinalUnclipped_sma_de_percentile99.0;voicingFinalUnclipped_sma_de_pctlrange0-1;voicingFinalUnclipped_sma_de_stddev;voicingFinalUnclipped_sma_de_skewness;voicingFinalUnclipped_sma_de_kurtosis;voicingFinalUnclipped_sma_de_upleveltime25;voicingFinalUnclipped_sma_de_upleveltime50;voicingFinalUnclipped_sma_de_upleveltime75;voicingFinalUnclipped_sma_de_upleveltime90;voicingFinalUnclipped_sma_de_risetime;voicingFinalUnclipped_sma_de_leftctime;voicingFinalUnclipped_sma_de_lpgain;voicingFinalUnclipped_sma_de_lpc0;voicingFinalUnclipped_sma_de_lpc1;voicingFinalUnclipped_sma_de_lpc2;voicingFinalUnclipped_sma_de_lpc3;voicingFinalUnclipped_sma_de_lpc4;jitterLocal_sma_de_amean;jitterLocal_sma_de_flatness;jitterLocal_sma_de_posamean;jitterLocal_sma_de_rqmean;jitterLocal_sma_de_range;jitterLocal_sma_de_maxPos;jitterLocal_sma_de_minPos;jitterLocal_sma_de_linregc1;jitterLocal_sma_de_linregc2;jitterLocal_sma_de_linregerrQ;jitterLocal_sma_de_qregc1;jitterLocal_sma_de_qregc2;jitterLocal_sma_de_qregc3;jitterLocal_sma_de_qregerrQ;jitterLocal_sma_de_centroid;jitterLocal_sma_de_quartile1;jitterLocal_sma_de_quartile2;jitterLocal_sma_de_quartile3;jitterLocal_sma_de_iqr1-2;jitterLocal_sma_de_iqr2-3;jitterLocal_sma_de_iqr1-3;jitterLocal_sma_de_percentile1.0;jitterLocal_sma_de_percentile99.0;jitterLocal_sma_de_pctlrange0-1;jitterLocal_sma_de_stddev;jitterLocal_sma_de_skewness;jitterLocal_sma_de_kurtosis;jitterLocal_sma_de_upleveltime25;jitterLocal_sma_de_upleveltime50;jitterLocal_sma_de_upleveltime75;jitterLocal_sma_de_upleveltime90;jitterLocal_sma_de_risetime;jitterLocal_sma_de_leftctime;jitterLocal_sma_de_lpgain;jitterLocal_sma_de_lpc0;jitterLocal_sma_de_lpc1;jitterLocal_sma_de_lpc2;jitterLocal_sma_de_lpc3;jitterLocal_sma_de_lpc4;jitterDDP_sma_de_amean;jitterDDP_sma_de_flatness;jitterDDP_sma_de_posamean;jitterDDP_sma_de_rqmean;jitterDDP_sma_de_range;jitterDDP_sma_de_maxPos;jitterDDP_sma_de_minPos;jitterDDP_sma_de_linregc1;jitterDDP_sma_de_linregc2;jitterDDP_sma_de_linregerrQ;jitterDDP_sma_de_qregc1;jitterDDP_sma_de_qregc2;jitterDDP_sma_de_qregc3;jitterDDP_sma_de_qregerrQ;jitterDDP_sma_de_centroid;jitterDDP_sma_de_quartile1;jitterDDP_sma_de_quartile2;jitterDDP_sma_de_quartile3;jitterDDP_sma_de_iqr1-2;jitterDDP_sma_de_iqr2-3;jitterDDP_sma_de_iqr1-3;jitterDDP_sma_de_percentile1.0;jitterDDP_sma_de_percentile99.0;jitterDDP_sma_de_pctlrange0-1;jitterDDP_sma_de_stddev;jitterDDP_sma_de_skewness;jitterDDP_sma_de_kurtosis;jitterDDP_sma_de_upleveltime25;jitterDDP_sma_de_upleveltime50;jitterDDP_sma_de_upleveltime75;jitterDDP_sma_de_upleveltime90;jitterDDP_sma_de_risetime;jitterDDP_sma_de_leftctime;jitterDDP_sma_de_lpgain;jitterDDP_sma_de_lpc0;jitterDDP_sma_de_lpc1;jitterDDP_sma_de_lpc2;jitterDDP_sma_de_lpc3;jitterDDP_sma_de_lpc4;shimmerLocal_sma_de_amean;shimmerLocal_sma_de_flatness;shimmerLocal_sma_de_posamean;shimmerLocal_sma_de_rqmean;shimmerLocal_sma_de_range;shimmerLocal_sma_de_maxPos;shimmerLocal_sma_de_minPos;shimmerLocal_sma_de_linregc1;shimmerLocal_sma_de_linregc2;shimmerLocal_sma_de_linregerrQ;shimmerLocal_sma_de_qregc1;shimmerLocal_sma_de_qregc2;shimmerLocal_sma_de_qregc3;shimmerLocal_sma_de_qregerrQ;shimmerLocal_sma_de_centroid;shimmerLocal_sma_de_quartile1;shimmerLocal_sma_de_quartile2;shimmerLocal_sma_de_quartile3;shimmerLocal_sma_de_iqr1-2;shimmerLocal_sma_de_iqr2-3;shimmerLocal_sma_de_iqr1-3;shimmerLocal_sma_de_percentile1.0;shimmerLocal_sma_de_percentile99.0;shimmerLocal_sma_de_pctlrange0-1;shimmerLocal_sma_de_stddev;shimmerLocal_sma_de_skewness;shimmerLocal_sma_de_kurtosis;shimmerLocal_sma_de_upleveltime25;shimmerLocal_sma_de_upleveltime50;shimmerLocal_sma_de_upleveltime75;shimmerLocal_sma_de_upleveltime90;shimmerLocal_sma_de_risetime;shimmerLocal_sma_de_leftctime;shimmerLocal_sma_de_lpgain;shimmerLocal_sma_de_lpc0;shimmerLocal_sma_de_lpc1;shimmerLocal_sma_de_lpc2;shimmerLocal_sma_de_lpc3;shimmerLocal_sma_de_lpc4;logHNR_sma_de_amean;logHNR_sma_de_flatness;logHNR_sma_de_posamean;logHNR_sma_de_rqmean;logHNR_sma_de_range;logHNR_sma_de_maxPos;logHNR_sma_de_minPos;logHNR_sma_de_linregc1;logHNR_sma_de_linregc2;logHNR_sma_de_linregerrQ;logHNR_sma_de_qregc1;logHNR_sma_de_qregc2;logHNR_sma_de_qregc3;logHNR_sma_de_qregerrQ;logHNR_sma_de_centroid;logHNR_sma_de_quartile1;logHNR_sma_de_quartile2;logHNR_sma_de_quartile3;logHNR_sma_de_iqr1-2;logHNR_sma_de_iqr2-3;logHNR_sma_de_iqr1-3;logHNR_sma_de_percentile1.0;logHNR_sma_de_percentile99.0;logHNR_sma_de_pctlrange0-1;logHNR_sma_de_stddev;logHNR_sma_de_skewness;logHNR_sma_de_kurtosis;logHNR_sma_de_upleveltime25;logHNR_sma_de_upleveltime50;logHNR_sma_de_upleveltime75;logHNR_sma_de_upleveltime90;logHNR_sma_de_risetime;logHNR_sma_de_leftctime;logHNR_sma_de_lpgain;logHNR_sma_de_lpc0;logHNR_sma_de_lpc1;logHNR_sma_de_lpc2;logHNR_sma_de_lpc3;logHNR_sma_de_lpc4;F0final_sma_ff0_nnz;F0final_sma_ff0_meanSegLen;F0final_sma_ff0_maxSegLen;F0final_sma_ff0_minSegLen;F0final_sma_ff0_segLenStddev;audspec_lengthL1norm_sma_amean;audspec_lengthL1norm_sma_flatness;audspec_lengthL1norm_sma_rqmean;audspec_lengthL1norm_sma_meanPeakDist;audspec_lengthL1norm_sma_peakDistStddev;audspec_lengthL1norm_sma_peakRangeAbs;audspec_lengthL1norm_sma_peakRangeRel;audspec_lengthL1norm_sma_peakMeanAbs;audspec_lengthL1norm_sma_peakMeanMeanDist;audspec_lengthL1norm_sma_peakMeanRel;audspec_lengthL1norm_sma_minRangeRel;audspec_lengthL1norm_sma_meanRisingSlope;audspec_lengthL1norm_sma_stddevRisingSlope;audspec_lengthL1norm_sma_meanFallingSlope;audspec_lengthL1norm_sma_stddevFallingSlope;audspec_lengthL1norm_sma_linregc1;audspec_lengthL1norm_sma_linregc2;audspec_lengthL1norm_sma_linregerrQ;audspec_lengthL1norm_sma_qregc1;audspec_lengthL1norm_sma_qregc2;audspec_lengthL1norm_sma_qregc3;audspec_lengthL1norm_sma_qregerrQ;audspec_lengthL1norm_sma_centroid;audspecRasta_lengthL1norm_sma_amean;audspecRasta_lengthL1norm_sma_flatness;audspecRasta_lengthL1norm_sma_rqmean;audspecRasta_lengthL1norm_sma_meanPeakDist;audspecRasta_lengthL1norm_sma_peakDistStddev;audspecRasta_lengthL1norm_sma_peakRangeAbs;audspecRasta_lengthL1norm_sma_peakRangeRel;audspecRasta_lengthL1norm_sma_peakMeanAbs;audspecRasta_lengthL1norm_sma_peakMeanMeanDist;audspecRasta_lengthL1norm_sma_peakMeanRel;audspecRasta_lengthL1norm_sma_minRangeRel;audspecRasta_lengthL1norm_sma_meanRisingSlope;audspecRasta_lengthL1norm_sma_stddevRisingSlope;audspecRasta_lengthL1norm_sma_meanFallingSlope;audspecRasta_lengthL1norm_sma_stddevFallingSlope;audspecRasta_lengthL1norm_sma_linregc1;audspecRasta_lengthL1norm_sma_linregc2;audspecRasta_lengthL1norm_sma_linregerrQ;audspecRasta_lengthL1norm_sma_qregc1;audspecRasta_lengthL1norm_sma_qregc2;audspecRasta_lengthL1norm_sma_qregc3;audspecRasta_lengthL1norm_sma_qregerrQ;audspecRasta_lengthL1norm_sma_centroid;pcm_RMSenergy_sma_amean;pcm_RMSenergy_sma_flatness;pcm_RMSenergy_sma_rqmean;pcm_RMSenergy_sma_meanPeakDist;pcm_RMSenergy_sma_peakDistStddev;pcm_RMSenergy_sma_peakRangeAbs;pcm_RMSenergy_sma_peakRangeRel;pcm_RMSenergy_sma_peakMeanAbs;pcm_RMSenergy_sma_peakMeanMeanDist;pcm_RMSenergy_sma_peakMeanRel;pcm_RMSenergy_sma_minRangeRel;pcm_RMSenergy_sma_meanRisingSlope;pcm_RMSenergy_sma_stddevRisingSlope;pcm_RMSenergy_sma_meanFallingSlope;pcm_RMSenergy_sma_stddevFallingSlope;pcm_RMSenergy_sma_linregc1;pcm_RMSenergy_sma_linregc2;pcm_RMSenergy_sma_linregerrQ;pcm_RMSenergy_sma_qregc1;pcm_RMSenergy_sma_qregc2;pcm_RMSenergy_sma_qregc3;pcm_RMSenergy_sma_qregerrQ;pcm_RMSenergy_sma_centroid;pcm_zcr_sma_amean;pcm_zcr_sma_flatness;pcm_zcr_sma_rqmean;pcm_zcr_sma_meanPeakDist;pcm_zcr_sma_peakDistStddev;pcm_zcr_sma_peakRangeAbs;pcm_zcr_sma_peakRangeRel;pcm_zcr_sma_peakMeanAbs;pcm_zcr_sma_peakMeanMeanDist;pcm_zcr_sma_peakMeanRel;pcm_zcr_sma_minRangeRel;pcm_zcr_sma_meanRisingSlope;pcm_zcr_sma_stddevRisingSlope;pcm_zcr_sma_meanFallingSlope;pcm_zcr_sma_stddevFallingSlope;pcm_zcr_sma_linregc1;pcm_zcr_sma_linregc2;pcm_zcr_sma_linregerrQ;pcm_zcr_sma_qregc1;pcm_zcr_sma_qregc2;pcm_zcr_sma_qregc3;pcm_zcr_sma_qregerrQ;pcm_zcr_sma_centroid;audSpec_Rfilt_sma[0]_amean;audSpec_Rfilt_sma[0]_flatness;audSpec_Rfilt_sma[0]_rqmean;audSpec_Rfilt_sma[0]_meanPeakDist;audSpec_Rfilt_sma[0]_peakDistStddev;audSpec_Rfilt_sma[0]_peakRangeAbs;audSpec_Rfilt_sma[0]_peakRangeRel;audSpec_Rfilt_sma[0]_peakMeanAbs;audSpec_Rfilt_sma[0]_peakMeanMeanDist;audSpec_Rfilt_sma[0]_peakMeanRel;audSpec_Rfilt_sma[0]_minRangeRel;audSpec_Rfilt_sma[0]_meanRisingSlope;audSpec_Rfilt_sma[0]_stddevRisingSlope;audSpec_Rfilt_sma[0]_meanFallingSlope;audSpec_Rfilt_sma[0]_stddevFallingSlope;audSpec_Rfilt_sma[0]_linregc1;audSpec_Rfilt_sma[0]_linregc2;audSpec_Rfilt_sma[0]_linregerrQ;audSpec_Rfilt_sma[0]_qregc1;audSpec_Rfilt_sma[0]_qregc2;audSpec_Rfilt_sma[0]_qregc3;audSpec_Rfilt_sma[0]_qregerrQ;audSpec_Rfilt_sma[0]_centroid;audSpec_Rfilt_sma[1]_amean;audSpec_Rfilt_sma[1]_flatness;audSpec_Rfilt_sma[1]_rqmean;audSpec_Rfilt_sma[1]_meanPeakDist;audSpec_Rfilt_sma[1]_peakDistStddev;audSpec_Rfilt_sma[1]_peakRangeAbs;audSpec_Rfilt_sma[1]_peakRangeRel;audSpec_Rfilt_sma[1]_peakMeanAbs;audSpec_Rfilt_sma[1]_peakMeanMeanDist;audSpec_Rfilt_sma[1]_peakMeanRel;audSpec_Rfilt_sma[1]_minRangeRel;audSpec_Rfilt_sma[1]_meanRisingSlope;audSpec_Rfilt_sma[1]_stddevRisingSlope;audSpec_Rfilt_sma[1]_meanFallingSlope;audSpec_Rfilt_sma[1]_stddevFallingSlope;audSpec_Rfilt_sma[1]_linregc1;audSpec_Rfilt_sma[1]_linregc2;audSpec_Rfilt_sma[1]_linregerrQ;audSpec_Rfilt_sma[1]_qregc1;audSpec_Rfilt_sma[1]_qregc2;audSpec_Rfilt_sma[1]_qregc3;audSpec_Rfilt_sma[1]_qregerrQ;audSpec_Rfilt_sma[1]_centroid;audSpec_Rfilt_sma[2]_amean;audSpec_Rfilt_sma[2]_flatness;audSpec_Rfilt_sma[2]_rqmean;audSpec_Rfilt_sma[2]_meanPeakDist;audSpec_Rfilt_sma[2]_peakDistStddev;audSpec_Rfilt_sma[2]_peakRangeAbs;audSpec_Rfilt_sma[2]_peakRangeRel;audSpec_Rfilt_sma[2]_peakMeanAbs;audSpec_Rfilt_sma[2]_peakMeanMeanDist;audSpec_Rfilt_sma[2]_peakMeanRel;audSpec_Rfilt_sma[2]_minRangeRel;audSpec_Rfilt_sma[2]_meanRisingSlope;audSpec_Rfilt_sma[2]_stddevRisingSlope;audSpec_Rfilt_sma[2]_meanFallingSlope;audSpec_Rfilt_sma[2]_stddevFallingSlope;audSpec_Rfilt_sma[2]_linregc1;audSpec_Rfilt_sma[2]_linregc2;audSpec_Rfilt_sma[2]_linregerrQ;audSpec_Rfilt_sma[2]_qregc1;audSpec_Rfilt_sma[2]_qregc2;audSpec_Rfilt_sma[2]_qregc3;audSpec_Rfilt_sma[2]_qregerrQ;audSpec_Rfilt_sma[2]_centroid;audSpec_Rfilt_sma[3]_amean;audSpec_Rfilt_sma[3]_flatness;audSpec_Rfilt_sma[3]_rqmean;audSpec_Rfilt_sma[3]_meanPeakDist;audSpec_Rfilt_sma[3]_peakDistStddev;audSpec_Rfilt_sma[3]_peakRangeAbs;audSpec_Rfilt_sma[3]_peakRangeRel;audSpec_Rfilt_sma[3]_peakMeanAbs;audSpec_Rfilt_sma[3]_peakMeanMeanDist;audSpec_Rfilt_sma[3]_peakMeanRel;audSpec_Rfilt_sma[3]_minRangeRel;audSpec_Rfilt_sma[3]_meanRisingSlope;audSpec_Rfilt_sma[3]_stddevRisingSlope;audSpec_Rfilt_sma[3]_meanFallingSlope;audSpec_Rfilt_sma[3]_stddevFallingSlope;audSpec_Rfilt_sma[3]_linregc1;audSpec_Rfilt_sma[3]_linregc2;audSpec_Rfilt_sma[3]_linregerrQ;audSpec_Rfilt_sma[3]_qregc1;audSpec_Rfilt_sma[3]_qregc2;audSpec_Rfilt_sma[3]_qregc3;audSpec_Rfilt_sma[3]_qregerrQ;audSpec_Rfilt_sma[3]_centroid;audSpec_Rfilt_sma[4]_amean;audSpec_Rfilt_sma[4]_flatness;audSpec_Rfilt_sma[4]_rqmean;audSpec_Rfilt_sma[4]_meanPeakDist;audSpec_Rfilt_sma[4]_peakDistStddev;audSpec_Rfilt_sma[4]_peakRangeAbs;audSpec_Rfilt_sma[4]_peakRangeRel;audSpec_Rfilt_sma[4]_peakMeanAbs;audSpec_Rfilt_sma[4]_peakMeanMeanDist;audSpec_Rfilt_sma[4]_peakMeanRel;audSpec_Rfilt_sma[4]_minRangeRel;audSpec_Rfilt_sma[4]_meanRisingSlope;audSpec_Rfilt_sma[4]_stddevRisingSlope;audSpec_Rfilt_sma[4]_meanFallingSlope;audSpec_Rfilt_sma[4]_stddevFallingSlope;audSpec_Rfilt_sma[4]_linregc1;audSpec_Rfilt_sma[4]_linregc2;audSpec_Rfilt_sma[4]_linregerrQ;audSpec_Rfilt_sma[4]_qregc1;audSpec_Rfilt_sma[4]_qregc2;audSpec_Rfilt_sma[4]_qregc3;audSpec_Rfilt_sma[4]_qregerrQ;audSpec_Rfilt_sma[4]_centroid;audSpec_Rfilt_sma[5]_amean;audSpec_Rfilt_sma[5]_flatness;audSpec_Rfilt_sma[5]_rqmean;audSpec_Rfilt_sma[5]_meanPeakDist;audSpec_Rfilt_sma[5]_peakDistStddev;audSpec_Rfilt_sma[5]_peakRangeAbs;audSpec_Rfilt_sma[5]_peakRangeRel;audSpec_Rfilt_sma[5]_peakMeanAbs;audSpec_Rfilt_sma[5]_peakMeanMeanDist;audSpec_Rfilt_sma[5]_peakMeanRel;audSpec_Rfilt_sma[5]_minRangeRel;audSpec_Rfilt_sma[5]_meanRisingSlope;audSpec_Rfilt_sma[5]_stddevRisingSlope;audSpec_Rfilt_sma[5]_meanFallingSlope;audSpec_Rfilt_sma[5]_stddevFallingSlope;audSpec_Rfilt_sma[5]_linregc1;audSpec_Rfilt_sma[5]_linregc2;audSpec_Rfilt_sma[5]_linregerrQ;audSpec_Rfilt_sma[5]_qregc1;audSpec_Rfilt_sma[5]_qregc2;audSpec_Rfilt_sma[5]_qregc3;audSpec_Rfilt_sma[5]_qregerrQ;audSpec_Rfilt_sma[5]_centroid;audSpec_Rfilt_sma[6]_amean;audSpec_Rfilt_sma[6]_flatness;audSpec_Rfilt_sma[6]_rqmean;audSpec_Rfilt_sma[6]_meanPeakDist;audSpec_Rfilt_sma[6]_peakDistStddev;audSpec_Rfilt_sma[6]_peakRangeAbs;audSpec_Rfilt_sma[6]_peakRangeRel;audSpec_Rfilt_sma[6]_peakMeanAbs;audSpec_Rfilt_sma[6]_peakMeanMeanDist;audSpec_Rfilt_sma[6]_peakMeanRel;audSpec_Rfilt_sma[6]_minRangeRel;audSpec_Rfilt_sma[6]_meanRisingSlope;audSpec_Rfilt_sma[6]_stddevRisingSlope;audSpec_Rfilt_sma[6]_meanFallingSlope;audSpec_Rfilt_sma[6]_stddevFallingSlope;audSpec_Rfilt_sma[6]_linregc1;audSpec_Rfilt_sma[6]_linregc2;audSpec_Rfilt_sma[6]_linregerrQ;audSpec_Rfilt_sma[6]_qregc1;audSpec_Rfilt_sma[6]_qregc2;audSpec_Rfilt_sma[6]_qregc3;audSpec_Rfilt_sma[6]_qregerrQ;audSpec_Rfilt_sma[6]_centroid;audSpec_Rfilt_sma[7]_amean;audSpec_Rfilt_sma[7]_flatness;audSpec_Rfilt_sma[7]_rqmean;audSpec_Rfilt_sma[7]_meanPeakDist;audSpec_Rfilt_sma[7]_peakDistStddev;audSpec_Rfilt_sma[7]_peakRangeAbs;audSpec_Rfilt_sma[7]_peakRangeRel;audSpec_Rfilt_sma[7]_peakMeanAbs;audSpec_Rfilt_sma[7]_peakMeanMeanDist;audSpec_Rfilt_sma[7]_peakMeanRel;audSpec_Rfilt_sma[7]_minRangeRel;audSpec_Rfilt_sma[7]_meanRisingSlope;audSpec_Rfilt_sma[7]_stddevRisingSlope;audSpec_Rfilt_sma[7]_meanFallingSlope;audSpec_Rfilt_sma[7]_stddevFallingSlope;audSpec_Rfilt_sma[7]_linregc1;audSpec_Rfilt_sma[7]_linregc2;audSpec_Rfilt_sma[7]_linregerrQ;audSpec_Rfilt_sma[7]_qregc1;audSpec_Rfilt_sma[7]_qregc2;audSpec_Rfilt_sma[7]_qregc3;audSpec_Rfilt_sma[7]_qregerrQ;audSpec_Rfilt_sma[7]_centroid;audSpec_Rfilt_sma[8]_amean;audSpec_Rfilt_sma[8]_flatness;audSpec_Rfilt_sma[8]_rqmean;audSpec_Rfilt_sma[8]_meanPeakDist;audSpec_Rfilt_sma[8]_peakDistStddev;audSpec_Rfilt_sma[8]_peakRangeAbs;audSpec_Rfilt_sma[8]_peakRangeRel;audSpec_Rfilt_sma[8]_peakMeanAbs;audSpec_Rfilt_sma[8]_peakMeanMeanDist;audSpec_Rfilt_sma[8]_peakMeanRel;audSpec_Rfilt_sma[8]_minRangeRel;audSpec_Rfilt_sma[8]_meanRisingSlope;audSpec_Rfilt_sma[8]_stddevRisingSlope;audSpec_Rfilt_sma[8]_meanFallingSlope;audSpec_Rfilt_sma[8]_stddevFallingSlope;audSpec_Rfilt_sma[8]_linregc1;audSpec_Rfilt_sma[8]_linregc2;audSpec_Rfilt_sma[8]_linregerrQ;audSpec_Rfilt_sma[8]_qregc1;audSpec_Rfilt_sma[8]_qregc2;audSpec_Rfilt_sma[8]_qregc3;audSpec_Rfilt_sma[8]_qregerrQ;audSpec_Rfilt_sma[8]_centroid;audSpec_Rfilt_sma[9]_amean;audSpec_Rfilt_sma[9]_flatness;audSpec_Rfilt_sma[9]_rqmean;audSpec_Rfilt_sma[9]_meanPeakDist;audSpec_Rfilt_sma[9]_peakDistStddev;audSpec_Rfilt_sma[9]_peakRangeAbs;audSpec_Rfilt_sma[9]_peakRangeRel;audSpec_Rfilt_sma[9]_peakMeanAbs;audSpec_Rfilt_sma[9]_peakMeanMeanDist;audSpec_Rfilt_sma[9]_peakMeanRel;audSpec_Rfilt_sma[9]_minRangeRel;audSpec_Rfilt_sma[9]_meanRisingSlope;audSpec_Rfilt_sma[9]_stddevRisingSlope;audSpec_Rfilt_sma[9]_meanFallingSlope;audSpec_Rfilt_sma[9]_stddevFallingSlope;audSpec_Rfilt_sma[9]_linregc1;audSpec_Rfilt_sma[9]_linregc2;audSpec_Rfilt_sma[9]_linregerrQ;audSpec_Rfilt_sma[9]_qregc1;audSpec_Rfilt_sma[9]_qregc2;audSpec_Rfilt_sma[9]_qregc3;audSpec_Rfilt_sma[9]_qregerrQ;audSpec_Rfilt_sma[9]_centroid;audSpec_Rfilt_sma[10]_amean;audSpec_Rfilt_sma[10]_flatness;audSpec_Rfilt_sma[10]_rqmean;audSpec_Rfilt_sma[10]_meanPeakDist;audSpec_Rfilt_sma[10]_peakDistStddev;audSpec_Rfilt_sma[10]_peakRangeAbs;audSpec_Rfilt_sma[10]_peakRangeRel;audSpec_Rfilt_sma[10]_peakMeanAbs;audSpec_Rfilt_sma[10]_peakMeanMeanDist;audSpec_Rfilt_sma[10]_peakMeanRel;audSpec_Rfilt_sma[10]_minRangeRel;audSpec_Rfilt_sma[10]_meanRisingSlope;audSpec_Rfilt_sma[10]_stddevRisingSlope;audSpec_Rfilt_sma[10]_meanFallingSlope;audSpec_Rfilt_sma[10]_stddevFallingSlope;audSpec_Rfilt_sma[10]_linregc1;audSpec_Rfilt_sma[10]_linregc2;audSpec_Rfilt_sma[10]_linregerrQ;audSpec_Rfilt_sma[10]_qregc1;audSpec_Rfilt_sma[10]_qregc2;audSpec_Rfilt_sma[10]_qregc3;audSpec_Rfilt_sma[10]_qregerrQ;audSpec_Rfilt_sma[10]_centroid;audSpec_Rfilt_sma[11]_amean;audSpec_Rfilt_sma[11]_flatness;audSpec_Rfilt_sma[11]_rqmean;audSpec_Rfilt_sma[11]_meanPeakDist;audSpec_Rfilt_sma[11]_peakDistStddev;audSpec_Rfilt_sma[11]_peakRangeAbs;audSpec_Rfilt_sma[11]_peakRangeRel;audSpec_Rfilt_sma[11]_peakMeanAbs;audSpec_Rfilt_sma[11]_peakMeanMeanDist;audSpec_Rfilt_sma[11]_peakMeanRel;audSpec_Rfilt_sma[11]_minRangeRel;audSpec_Rfilt_sma[11]_meanRisingSlope;audSpec_Rfilt_sma[11]_stddevRisingSlope;audSpec_Rfilt_sma[11]_meanFallingSlope;audSpec_Rfilt_sma[11]_stddevFallingSlope;audSpec_Rfilt_sma[11]_linregc1;audSpec_Rfilt_sma[11]_linregc2;audSpec_Rfilt_sma[11]_linregerrQ;audSpec_Rfilt_sma[11]_qregc1;audSpec_Rfilt_sma[11]_qregc2;audSpec_Rfilt_sma[11]_qregc3;audSpec_Rfilt_sma[11]_qregerrQ;audSpec_Rfilt_sma[11]_centroid;audSpec_Rfilt_sma[12]_amean;audSpec_Rfilt_sma[12]_flatness;audSpec_Rfilt_sma[12]_rqmean;audSpec_Rfilt_sma[12]_meanPeakDist;audSpec_Rfilt_sma[12]_peakDistStddev;audSpec_Rfilt_sma[12]_peakRangeAbs;audSpec_Rfilt_sma[12]_peakRangeRel;audSpec_Rfilt_sma[12]_peakMeanAbs;audSpec_Rfilt_sma[12]_peakMeanMeanDist;audSpec_Rfilt_sma[12]_peakMeanRel;audSpec_Rfilt_sma[12]_minRangeRel;audSpec_Rfilt_sma[12]_meanRisingSlope;audSpec_Rfilt_sma[12]_stddevRisingSlope;audSpec_Rfilt_sma[12]_meanFallingSlope;audSpec_Rfilt_sma[12]_stddevFallingSlope;audSpec_Rfilt_sma[12]_linregc1;audSpec_Rfilt_sma[12]_linregc2;audSpec_Rfilt_sma[12]_linregerrQ;audSpec_Rfilt_sma[12]_qregc1;audSpec_Rfilt_sma[12]_qregc2;audSpec_Rfilt_sma[12]_qregc3;audSpec_Rfilt_sma[12]_qregerrQ;audSpec_Rfilt_sma[12]_centroid;audSpec_Rfilt_sma[13]_amean;audSpec_Rfilt_sma[13]_flatness;audSpec_Rfilt_sma[13]_rqmean;audSpec_Rfilt_sma[13]_meanPeakDist;audSpec_Rfilt_sma[13]_peakDistStddev;audSpec_Rfilt_sma[13]_peakRangeAbs;audSpec_Rfilt_sma[13]_peakRangeRel;audSpec_Rfilt_sma[13]_peakMeanAbs;audSpec_Rfilt_sma[13]_peakMeanMeanDist;audSpec_Rfilt_sma[13]_peakMeanRel;audSpec_Rfilt_sma[13]_minRangeRel;audSpec_Rfilt_sma[13]_meanRisingSlope;audSpec_Rfilt_sma[13]_stddevRisingSlope;audSpec_Rfilt_sma[13]_meanFallingSlope;audSpec_Rfilt_sma[13]_stddevFallingSlope;audSpec_Rfilt_sma[13]_linregc1;audSpec_Rfilt_sma[13]_linregc2;audSpec_Rfilt_sma[13]_linregerrQ;audSpec_Rfilt_sma[13]_qregc1;audSpec_Rfilt_sma[13]_qregc2;audSpec_Rfilt_sma[13]_qregc3;audSpec_Rfilt_sma[13]_qregerrQ;audSpec_Rfilt_sma[13]_centroid;audSpec_Rfilt_sma[14]_amean;audSpec_Rfilt_sma[14]_flatness;audSpec_Rfilt_sma[14]_rqmean;audSpec_Rfilt_sma[14]_meanPeakDist;audSpec_Rfilt_sma[14]_peakDistStddev;audSpec_Rfilt_sma[14]_peakRangeAbs;audSpec_Rfilt_sma[14]_peakRangeRel;audSpec_Rfilt_sma[14]_peakMeanAbs;audSpec_Rfilt_sma[14]_peakMeanMeanDist;audSpec_Rfilt_sma[14]_peakMeanRel;audSpec_Rfilt_sma[14]_minRangeRel;audSpec_Rfilt_sma[14]_meanRisingSlope;audSpec_Rfilt_sma[14]_stddevRisingSlope;audSpec_Rfilt_sma[14]_meanFallingSlope;audSpec_Rfilt_sma[14]_stddevFallingSlope;audSpec_Rfilt_sma[14]_linregc1;audSpec_Rfilt_sma[14]_linregc2;audSpec_Rfilt_sma[14]_linregerrQ;audSpec_Rfilt_sma[14]_qregc1;audSpec_Rfilt_sma[14]_qregc2;audSpec_Rfilt_sma[14]_qregc3;audSpec_Rfilt_sma[14]_qregerrQ;audSpec_Rfilt_sma[14]_centroid;audSpec_Rfilt_sma[15]_amean;audSpec_Rfilt_sma[15]_flatness;audSpec_Rfilt_sma[15]_rqmean;audSpec_Rfilt_sma[15]_meanPeakDist;audSpec_Rfilt_sma[15]_peakDistStddev;audSpec_Rfilt_sma[15]_peakRangeAbs;audSpec_Rfilt_sma[15]_peakRangeRel;audSpec_Rfilt_sma[15]_peakMeanAbs;audSpec_Rfilt_sma[15]_peakMeanMeanDist;audSpec_Rfilt_sma[15]_peakMeanRel;audSpec_Rfilt_sma[15]_minRangeRel;audSpec_Rfilt_sma[15]_meanRisingSlope;audSpec_Rfilt_sma[15]_stddevRisingSlope;audSpec_Rfilt_sma[15]_meanFallingSlope;audSpec_Rfilt_sma[15]_stddevFallingSlope;audSpec_Rfilt_sma[15]_linregc1;audSpec_Rfilt_sma[15]_linregc2;audSpec_Rfilt_sma[15]_linregerrQ;audSpec_Rfilt_sma[15]_qregc1;audSpec_Rfilt_sma[15]_qregc2;audSpec_Rfilt_sma[15]_qregc3;audSpec_Rfilt_sma[15]_qregerrQ;audSpec_Rfilt_sma[15]_centroid;audSpec_Rfilt_sma[16]_amean;audSpec_Rfilt_sma[16]_flatness;audSpec_Rfilt_sma[16]_rqmean;audSpec_Rfilt_sma[16]_meanPeakDist;audSpec_Rfilt_sma[16]_peakDistStddev;audSpec_Rfilt_sma[16]_peakRangeAbs;audSpec_Rfilt_sma[16]_peakRangeRel;audSpec_Rfilt_sma[16]_peakMeanAbs;audSpec_Rfilt_sma[16]_peakMeanMeanDist;audSpec_Rfilt_sma[16]_peakMeanRel;audSpec_Rfilt_sma[16]_minRangeRel;audSpec_Rfilt_sma[16]_meanRisingSlope;audSpec_Rfilt_sma[16]_stddevRisingSlope;audSpec_Rfilt_sma[16]_meanFallingSlope;audSpec_Rfilt_sma[16]_stddevFallingSlope;audSpec_Rfilt_sma[16]_linregc1;audSpec_Rfilt_sma[16]_linregc2;audSpec_Rfilt_sma[16]_linregerrQ;audSpec_Rfilt_sma[16]_qregc1;audSpec_Rfilt_sma[16]_qregc2;audSpec_Rfilt_sma[16]_qregc3;audSpec_Rfilt_sma[16]_qregerrQ;audSpec_Rfilt_sma[16]_centroid;audSpec_Rfilt_sma[17]_amean;audSpec_Rfilt_sma[17]_flatness;audSpec_Rfilt_sma[17]_rqmean;audSpec_Rfilt_sma[17]_meanPeakDist;audSpec_Rfilt_sma[17]_peakDistStddev;audSpec_Rfilt_sma[17]_peakRangeAbs;audSpec_Rfilt_sma[17]_peakRangeRel;audSpec_Rfilt_sma[17]_peakMeanAbs;audSpec_Rfilt_sma[17]_peakMeanMeanDist;audSpec_Rfilt_sma[17]_peakMeanRel;audSpec_Rfilt_sma[17]_minRangeRel;audSpec_Rfilt_sma[17]_meanRisingSlope;audSpec_Rfilt_sma[17]_stddevRisingSlope;audSpec_Rfilt_sma[17]_meanFallingSlope;audSpec_Rfilt_sma[17]_stddevFallingSlope;audSpec_Rfilt_sma[17]_linregc1;audSpec_Rfilt_sma[17]_linregc2;audSpec_Rfilt_sma[17]_linregerrQ;audSpec_Rfilt_sma[17]_qregc1;audSpec_Rfilt_sma[17]_qregc2;audSpec_Rfilt_sma[17]_qregc3;audSpec_Rfilt_sma[17]_qregerrQ;audSpec_Rfilt_sma[17]_centroid;audSpec_Rfilt_sma[18]_amean;audSpec_Rfilt_sma[18]_flatness;audSpec_Rfilt_sma[18]_rqmean;audSpec_Rfilt_sma[18]_meanPeakDist;audSpec_Rfilt_sma[18]_peakDistStddev;audSpec_Rfilt_sma[18]_peakRangeAbs;audSpec_Rfilt_sma[18]_peakRangeRel;audSpec_Rfilt_sma[18]_peakMeanAbs;audSpec_Rfilt_sma[18]_peakMeanMeanDist;audSpec_Rfilt_sma[18]_peakMeanRel;audSpec_Rfilt_sma[18]_minRangeRel;audSpec_Rfilt_sma[18]_meanRisingSlope;audSpec_Rfilt_sma[18]_stddevRisingSlope;audSpec_Rfilt_sma[18]_meanFallingSlope;audSpec_Rfilt_sma[18]_stddevFallingSlope;audSpec_Rfilt_sma[18]_linregc1;audSpec_Rfilt_sma[18]_linregc2;audSpec_Rfilt_sma[18]_linregerrQ;audSpec_Rfilt_sma[18]_qregc1;audSpec_Rfilt_sma[18]_qregc2;audSpec_Rfilt_sma[18]_qregc3;audSpec_Rfilt_sma[18]_qregerrQ;audSpec_Rfilt_sma[18]_centroid;audSpec_Rfilt_sma[19]_amean;audSpec_Rfilt_sma[19]_flatness;audSpec_Rfilt_sma[19]_rqmean;audSpec_Rfilt_sma[19]_meanPeakDist;audSpec_Rfilt_sma[19]_peakDistStddev;audSpec_Rfilt_sma[19]_peakRangeAbs;audSpec_Rfilt_sma[19]_peakRangeRel;audSpec_Rfilt_sma[19]_peakMeanAbs;audSpec_Rfilt_sma[19]_peakMeanMeanDist;audSpec_Rfilt_sma[19]_peakMeanRel;audSpec_Rfilt_sma[19]_minRangeRel;audSpec_Rfilt_sma[19]_meanRisingSlope;audSpec_Rfilt_sma[19]_stddevRisingSlope;audSpec_Rfilt_sma[19]_meanFallingSlope;audSpec_Rfilt_sma[19]_stddevFallingSlope;audSpec_Rfilt_sma[19]_linregc1;audSpec_Rfilt_sma[19]_linregc2;audSpec_Rfilt_sma[19]_linregerrQ;audSpec_Rfilt_sma[19]_qregc1;audSpec_Rfilt_sma[19]_qregc2;audSpec_Rfilt_sma[19]_qregc3;audSpec_Rfilt_sma[19]_qregerrQ;audSpec_Rfilt_sma[19]_centroid;audSpec_Rfilt_sma[20]_amean;audSpec_Rfilt_sma[20]_flatness;audSpec_Rfilt_sma[20]_rqmean;audSpec_Rfilt_sma[20]_meanPeakDist;audSpec_Rfilt_sma[20]_peakDistStddev;audSpec_Rfilt_sma[20]_peakRangeAbs;audSpec_Rfilt_sma[20]_peakRangeRel;audSpec_Rfilt_sma[20]_peakMeanAbs;audSpec_Rfilt_sma[20]_peakMeanMeanDist;audSpec_Rfilt_sma[20]_peakMeanRel;audSpec_Rfilt_sma[20]_minRangeRel;audSpec_Rfilt_sma[20]_meanRisingSlope;audSpec_Rfilt_sma[20]_stddevRisingSlope;audSpec_Rfilt_sma[20]_meanFallingSlope;audSpec_Rfilt_sma[20]_stddevFallingSlope;audSpec_Rfilt_sma[20]_linregc1;audSpec_Rfilt_sma[20]_linregc2;audSpec_Rfilt_sma[20]_linregerrQ;audSpec_Rfilt_sma[20]_qregc1;audSpec_Rfilt_sma[20]_qregc2;audSpec_Rfilt_sma[20]_qregc3;audSpec_Rfilt_sma[20]_qregerrQ;audSpec_Rfilt_sma[20]_centroid;audSpec_Rfilt_sma[21]_amean;audSpec_Rfilt_sma[21]_flatness;audSpec_Rfilt_sma[21]_rqmean;audSpec_Rfilt_sma[21]_meanPeakDist;audSpec_Rfilt_sma[21]_peakDistStddev;audSpec_Rfilt_sma[21]_peakRangeAbs;audSpec_Rfilt_sma[21]_peakRangeRel;audSpec_Rfilt_sma[21]_peakMeanAbs;audSpec_Rfilt_sma[21]_peakMeanMeanDist;audSpec_Rfilt_sma[21]_peakMeanRel;audSpec_Rfilt_sma[21]_minRangeRel;audSpec_Rfilt_sma[21]_meanRisingSlope;audSpec_Rfilt_sma[21]_stddevRisingSlope;audSpec_Rfilt_sma[21]_meanFallingSlope;audSpec_Rfilt_sma[21]_stddevFallingSlope;audSpec_Rfilt_sma[21]_linregc1;audSpec_Rfilt_sma[21]_linregc2;audSpec_Rfilt_sma[21]_linregerrQ;audSpec_Rfilt_sma[21]_qregc1;audSpec_Rfilt_sma[21]_qregc2;audSpec_Rfilt_sma[21]_qregc3;audSpec_Rfilt_sma[21]_qregerrQ;audSpec_Rfilt_sma[21]_centroid;audSpec_Rfilt_sma[22]_amean;audSpec_Rfilt_sma[22]_flatness;audSpec_Rfilt_sma[22]_rqmean;audSpec_Rfilt_sma[22]_meanPeakDist;audSpec_Rfilt_sma[22]_peakDistStddev;audSpec_Rfilt_sma[22]_peakRangeAbs;audSpec_Rfilt_sma[22]_peakRangeRel;audSpec_Rfilt_sma[22]_peakMeanAbs;audSpec_Rfilt_sma[22]_peakMeanMeanDist;audSpec_Rfilt_sma[22]_peakMeanRel;audSpec_Rfilt_sma[22]_minRangeRel;audSpec_Rfilt_sma[22]_meanRisingSlope;audSpec_Rfilt_sma[22]_stddevRisingSlope;audSpec_Rfilt_sma[22]_meanFallingSlope;audSpec_Rfilt_sma[22]_stddevFallingSlope;audSpec_Rfilt_sma[22]_linregc1;audSpec_Rfilt_sma[22]_linregc2;audSpec_Rfilt_sma[22]_linregerrQ;audSpec_Rfilt_sma[22]_qregc1;audSpec_Rfilt_sma[22]_qregc2;audSpec_Rfilt_sma[22]_qregc3;audSpec_Rfilt_sma[22]_qregerrQ;audSpec_Rfilt_sma[22]_centroid;audSpec_Rfilt_sma[23]_amean;audSpec_Rfilt_sma[23]_flatness;audSpec_Rfilt_sma[23]_rqmean;audSpec_Rfilt_sma[23]_meanPeakDist;audSpec_Rfilt_sma[23]_peakDistStddev;audSpec_Rfilt_sma[23]_peakRangeAbs;audSpec_Rfilt_sma[23]_peakRangeRel;audSpec_Rfilt_sma[23]_peakMeanAbs;audSpec_Rfilt_sma[23]_peakMeanMeanDist;audSpec_Rfilt_sma[23]_peakMeanRel;audSpec_Rfilt_sma[23]_minRangeRel;audSpec_Rfilt_sma[23]_meanRisingSlope;audSpec_Rfilt_sma[23]_stddevRisingSlope;audSpec_Rfilt_sma[23]_meanFallingSlope;audSpec_Rfilt_sma[23]_stddevFallingSlope;audSpec_Rfilt_sma[23]_linregc1;audSpec_Rfilt_sma[23]_linregc2;audSpec_Rfilt_sma[23]_linregerrQ;audSpec_Rfilt_sma[23]_qregc1;audSpec_Rfilt_sma[23]_qregc2;audSpec_Rfilt_sma[23]_qregc3;audSpec_Rfilt_sma[23]_qregerrQ;audSpec_Rfilt_sma[23]_centroid;audSpec_Rfilt_sma[24]_amean;audSpec_Rfilt_sma[24]_flatness;audSpec_Rfilt_sma[24]_rqmean;audSpec_Rfilt_sma[24]_meanPeakDist;audSpec_Rfilt_sma[24]_peakDistStddev;audSpec_Rfilt_sma[24]_peakRangeAbs;audSpec_Rfilt_sma[24]_peakRangeRel;audSpec_Rfilt_sma[24]_peakMeanAbs;audSpec_Rfilt_sma[24]_peakMeanMeanDist;audSpec_Rfilt_sma[24]_peakMeanRel;audSpec_Rfilt_sma[24]_minRangeRel;audSpec_Rfilt_sma[24]_meanRisingSlope;audSpec_Rfilt_sma[24]_stddevRisingSlope;audSpec_Rfilt_sma[24]_meanFallingSlope;audSpec_Rfilt_sma[24]_stddevFallingSlope;audSpec_Rfilt_sma[24]_linregc1;audSpec_Rfilt_sma[24]_linregc2;audSpec_Rfilt_sma[24]_linregerrQ;audSpec_Rfilt_sma[24]_qregc1;audSpec_Rfilt_sma[24]_qregc2;audSpec_Rfilt_sma[24]_qregc3;audSpec_Rfilt_sma[24]_qregerrQ;audSpec_Rfilt_sma[24]_centroid;audSpec_Rfilt_sma[25]_amean;audSpec_Rfilt_sma[25]_flatness;audSpec_Rfilt_sma[25]_rqmean;audSpec_Rfilt_sma[25]_meanPeakDist;audSpec_Rfilt_sma[25]_peakDistStddev;audSpec_Rfilt_sma[25]_peakRangeAbs;audSpec_Rfilt_sma[25]_peakRangeRel;audSpec_Rfilt_sma[25]_peakMeanAbs;audSpec_Rfilt_sma[25]_peakMeanMeanDist;audSpec_Rfilt_sma[25]_peakMeanRel;audSpec_Rfilt_sma[25]_minRangeRel;audSpec_Rfilt_sma[25]_meanRisingSlope;audSpec_Rfilt_sma[25]_stddevRisingSlope;audSpec_Rfilt_sma[25]_meanFallingSlope;audSpec_Rfilt_sma[25]_stddevFallingSlope;audSpec_Rfilt_sma[25]_linregc1;audSpec_Rfilt_sma[25]_linregc2;audSpec_Rfilt_sma[25]_linregerrQ;audSpec_Rfilt_sma[25]_qregc1;audSpec_Rfilt_sma[25]_qregc2;audSpec_Rfilt_sma[25]_qregc3;audSpec_Rfilt_sma[25]_qregerrQ;audSpec_Rfilt_sma[25]_centroid;pcm_fftMag_fband250-650_sma_amean;pcm_fftMag_fband250-650_sma_flatness;pcm_fftMag_fband250-650_sma_rqmean;pcm_fftMag_fband250-650_sma_meanPeakDist;pcm_fftMag_fband250-650_sma_peakDistStddev;pcm_fftMag_fband250-650_sma_peakRangeAbs;pcm_fftMag_fband250-650_sma_peakRangeRel;pcm_fftMag_fband250-650_sma_peakMeanAbs;pcm_fftMag_fband250-650_sma_peakMeanMeanDist;pcm_fftMag_fband250-650_sma_peakMeanRel;pcm_fftMag_fband250-650_sma_minRangeRel;pcm_fftMag_fband250-650_sma_meanRisingSlope;pcm_fftMag_fband250-650_sma_stddevRisingSlope;pcm_fftMag_fband250-650_sma_meanFallingSlope;pcm_fftMag_fband250-650_sma_stddevFallingSlope;pcm_fftMag_fband250-650_sma_linregc1;pcm_fftMag_fband250-650_sma_linregc2;pcm_fftMag_fband250-650_sma_linregerrQ;pcm_fftMag_fband250-650_sma_qregc1;pcm_fftMag_fband250-650_sma_qregc2;pcm_fftMag_fband250-650_sma_qregc3;pcm_fftMag_fband250-650_sma_qregerrQ;pcm_fftMag_fband250-650_sma_centroid;pcm_fftMag_fband1000-4000_sma_amean;pcm_fftMag_fband1000-4000_sma_flatness;pcm_fftMag_fband1000-4000_sma_rqmean;pcm_fftMag_fband1000-4000_sma_meanPeakDist;pcm_fftMag_fband1000-4000_sma_peakDistStddev;pcm_fftMag_fband1000-4000_sma_peakRangeAbs;pcm_fftMag_fband1000-4000_sma_peakRangeRel;pcm_fftMag_fband1000-4000_sma_peakMeanAbs;pcm_fftMag_fband1000-4000_sma_peakMeanMeanDist;pcm_fftMag_fband1000-4000_sma_peakMeanRel;pcm_fftMag_fband1000-4000_sma_minRangeRel;pcm_fftMag_fband1000-4000_sma_meanRisingSlope;pcm_fftMag_fband1000-4000_sma_stddevRisingSlope;pcm_fftMag_fband1000-4000_sma_meanFallingSlope;pcm_fftMag_fband1000-4000_sma_stddevFallingSlope;pcm_fftMag_fband1000-4000_sma_linregc1;pcm_fftMag_fband1000-4000_sma_linregc2;pcm_fftMag_fband1000-4000_sma_linregerrQ;pcm_fftMag_fband1000-4000_sma_qregc1;pcm_fftMag_fband1000-4000_sma_qregc2;pcm_fftMag_fband1000-4000_sma_qregc3;pcm_fftMag_fband1000-4000_sma_qregerrQ;pcm_fftMag_fband1000-4000_sma_centroid;pcm_fftMag_spectralRollOff25.0_sma_amean;pcm_fftMag_spectralRollOff25.0_sma_flatness;pcm_fftMag_spectralRollOff25.0_sma_rqmean;pcm_fftMag_spectralRollOff25.0_sma_meanPeakDist;pcm_fftMag_spectralRollOff25.0_sma_peakDistStddev;pcm_fftMag_spectralRollOff25.0_sma_peakRangeAbs;pcm_fftMag_spectralRollOff25.0_sma_peakRangeRel;pcm_fftMag_spectralRollOff25.0_sma_peakMeanAbs;pcm_fftMag_spectralRollOff25.0_sma_peakMeanMeanDist;pcm_fftMag_spectralRollOff25.0_sma_peakMeanRel;pcm_fftMag_spectralRollOff25.0_sma_minRangeRel;pcm_fftMag_spectralRollOff25.0_sma_meanRisingSlope;pcm_fftMag_spectralRollOff25.0_sma_stddevRisingSlope;pcm_fftMag_spectralRollOff25.0_sma_meanFallingSlope;pcm_fftMag_spectralRollOff25.0_sma_stddevFallingSlope;pcm_fftMag_spectralRollOff25.0_sma_linregc1;pcm_fftMag_spectralRollOff25.0_sma_linregc2;pcm_fftMag_spectralRollOff25.0_sma_linregerrQ;pcm_fftMag_spectralRollOff25.0_sma_qregc1;pcm_fftMag_spectralRollOff25.0_sma_qregc2;pcm_fftMag_spectralRollOff25.0_sma_qregc3;pcm_fftMag_spectralRollOff25.0_sma_qregerrQ;pcm_fftMag_spectralRollOff25.0_sma_centroid;pcm_fftMag_spectralRollOff50.0_sma_amean;pcm_fftMag_spectralRollOff50.0_sma_flatness;pcm_fftMag_spectralRollOff50.0_sma_rqmean;pcm_fftMag_spectralRollOff50.0_sma_meanPeakDist;pcm_fftMag_spectralRollOff50.0_sma_peakDistStddev;pcm_fftMag_spectralRollOff50.0_sma_peakRangeAbs;pcm_fftMag_spectralRollOff50.0_sma_peakRangeRel;pcm_fftMag_spectralRollOff50.0_sma_peakMeanAbs;pcm_fftMag_spectralRollOff50.0_sma_peakMeanMeanDist;pcm_fftMag_spectralRollOff50.0_sma_peakMeanRel;pcm_fftMag_spectralRollOff50.0_sma_minRangeRel;pcm_fftMag_spectralRollOff50.0_sma_meanRisingSlope;pcm_fftMag_spectralRollOff50.0_sma_stddevRisingSlope;pcm_fftMag_spectralRollOff50.0_sma_meanFallingSlope;pcm_fftMag_spectralRollOff50.0_sma_stddevFallingSlope;pcm_fftMag_spectralRollOff50.0_sma_linregc1;pcm_fftMag_spectralRollOff50.0_sma_linregc2;pcm_fftMag_spectralRollOff50.0_sma_linregerrQ;pcm_fftMag_spectralRollOff50.0_sma_qregc1;pcm_fftMag_spectralRollOff50.0_sma_qregc2;pcm_fftMag_spectralRollOff50.0_sma_qregc3;pcm_fftMag_spectralRollOff50.0_sma_qregerrQ;pcm_fftMag_spectralRollOff50.0_sma_centroid;pcm_fftMag_spectralRollOff75.0_sma_amean;pcm_fftMag_spectralRollOff75.0_sma_flatness;pcm_fftMag_spectralRollOff75.0_sma_rqmean;pcm_fftMag_spectralRollOff75.0_sma_meanPeakDist;pcm_fftMag_spectralRollOff75.0_sma_peakDistStddev;pcm_fftMag_spectralRollOff75.0_sma_peakRangeAbs;pcm_fftMag_spectralRollOff75.0_sma_peakRangeRel;pcm_fftMag_spectralRollOff75.0_sma_peakMeanAbs;pcm_fftMag_spectralRollOff75.0_sma_peakMeanMeanDist;pcm_fftMag_spectralRollOff75.0_sma_peakMeanRel;pcm_fftMag_spectralRollOff75.0_sma_minRangeRel;pcm_fftMag_spectralRollOff75.0_sma_meanRisingSlope;pcm_fftMag_spectralRollOff75.0_sma_stddevRisingSlope;pcm_fftMag_spectralRollOff75.0_sma_meanFallingSlope;pcm_fftMag_spectralRollOff75.0_sma_stddevFallingSlope;pcm_fftMag_spectralRollOff75.0_sma_linregc1;pcm_fftMag_spectralRollOff75.0_sma_linregc2;pcm_fftMag_spectralRollOff75.0_sma_linregerrQ;pcm_fftMag_spectralRollOff75.0_sma_qregc1;pcm_fftMag_spectralRollOff75.0_sma_qregc2;pcm_fftMag_spectralRollOff75.0_sma_qregc3;pcm_fftMag_spectralRollOff75.0_sma_qregerrQ;pcm_fftMag_spectralRollOff75.0_sma_centroid;pcm_fftMag_spectralRollOff90.0_sma_amean;pcm_fftMag_spectralRollOff90.0_sma_flatness;pcm_fftMag_spectralRollOff90.0_sma_rqmean;pcm_fftMag_spectralRollOff90.0_sma_meanPeakDist;pcm_fftMag_spectralRollOff90.0_sma_peakDistStddev;pcm_fftMag_spectralRollOff90.0_sma_peakRangeAbs;pcm_fftMag_spectralRollOff90.0_sma_peakRangeRel;pcm_fftMag_spectralRollOff90.0_sma_peakMeanAbs;pcm_fftMag_spectralRollOff90.0_sma_peakMeanMeanDist;pcm_fftMag_spectralRollOff90.0_sma_peakMeanRel;pcm_fftMag_spectralRollOff90.0_sma_minRangeRel;pcm_fftMag_spectralRollOff90.0_sma_meanRisingSlope;pcm_fftMag_spectralRollOff90.0_sma_stddevRisingSlope;pcm_fftMag_spectralRollOff90.0_sma_meanFallingSlope;pcm_fftMag_spectralRollOff90.0_sma_stddevFallingSlope;pcm_fftMag_spectralRollOff90.0_sma_linregc1;pcm_fftMag_spectralRollOff90.0_sma_linregc2;pcm_fftMag_spectralRollOff90.0_sma_linregerrQ;pcm_fftMag_spectralRollOff90.0_sma_qregc1;pcm_fftMag_spectralRollOff90.0_sma_qregc2;pcm_fftMag_spectralRollOff90.0_sma_qregc3;pcm_fftMag_spectralRollOff90.0_sma_qregerrQ;pcm_fftMag_spectralRollOff90.0_sma_centroid;pcm_fftMag_spectralFlux_sma_amean;pcm_fftMag_spectralFlux_sma_flatness;pcm_fftMag_spectralFlux_sma_rqmean;pcm_fftMag_spectralFlux_sma_meanPeakDist;pcm_fftMag_spectralFlux_sma_peakDistStddev;pcm_fftMag_spectralFlux_sma_peakRangeAbs;pcm_fftMag_spectralFlux_sma_peakRangeRel;pcm_fftMag_spectralFlux_sma_peakMeanAbs;pcm_fftMag_spectralFlux_sma_peakMeanMeanDist;pcm_fftMag_spectralFlux_sma_peakMeanRel;pcm_fftMag_spectralFlux_sma_minRangeRel;pcm_fftMag_spectralFlux_sma_meanRisingSlope;pcm_fftMag_spectralFlux_sma_stddevRisingSlope;pcm_fftMag_spectralFlux_sma_meanFallingSlope;pcm_fftMag_spectralFlux_sma_stddevFallingSlope;pcm_fftMag_spectralFlux_sma_linregc1;pcm_fftMag_spectralFlux_sma_linregc2;pcm_fftMag_spectralFlux_sma_linregerrQ;pcm_fftMag_spectralFlux_sma_qregc1;pcm_fftMag_spectralFlux_sma_qregc2;pcm_fftMag_spectralFlux_sma_qregc3;pcm_fftMag_spectralFlux_sma_qregerrQ;pcm_fftMag_spectralFlux_sma_centroid;pcm_fftMag_spectralCentroid_sma_amean;pcm_fftMag_spectralCentroid_sma_flatness;pcm_fftMag_spectralCentroid_sma_rqmean;pcm_fftMag_spectralCentroid_sma_meanPeakDist;pcm_fftMag_spectralCentroid_sma_peakDistStddev;pcm_fftMag_spectralCentroid_sma_peakRangeAbs;pcm_fftMag_spectralCentroid_sma_peakRangeRel;pcm_fftMag_spectralCentroid_sma_peakMeanAbs;pcm_fftMag_spectralCentroid_sma_peakMeanMeanDist;pcm_fftMag_spectralCentroid_sma_peakMeanRel;pcm_fftMag_spectralCentroid_sma_minRangeRel;pcm_fftMag_spectralCentroid_sma_meanRisingSlope;pcm_fftMag_spectralCentroid_sma_stddevRisingSlope;pcm_fftMag_spectralCentroid_sma_meanFallingSlope;pcm_fftMag_spectralCentroid_sma_stddevFallingSlope;pcm_fftMag_spectralCentroid_sma_linregc1;pcm_fftMag_spectralCentroid_sma_linregc2;pcm_fftMag_spectralCentroid_sma_linregerrQ;pcm_fftMag_spectralCentroid_sma_qregc1;pcm_fftMag_spectralCentroid_sma_qregc2;pcm_fftMag_spectralCentroid_sma_qregc3;pcm_fftMag_spectralCentroid_sma_qregerrQ;pcm_fftMag_spectralCentroid_sma_centroid;pcm_fftMag_spectralEntropy_sma_amean;pcm_fftMag_spectralEntropy_sma_flatness;pcm_fftMag_spectralEntropy_sma_rqmean;pcm_fftMag_spectralEntropy_sma_meanPeakDist;pcm_fftMag_spectralEntropy_sma_peakDistStddev;pcm_fftMag_spectralEntropy_sma_peakRangeAbs;pcm_fftMag_spectralEntropy_sma_peakRangeRel;pcm_fftMag_spectralEntropy_sma_peakMeanAbs;pcm_fftMag_spectralEntropy_sma_peakMeanMeanDist;pcm_fftMag_spectralEntropy_sma_peakMeanRel;pcm_fftMag_spectralEntropy_sma_minRangeRel;pcm_fftMag_spectralEntropy_sma_meanRisingSlope;pcm_fftMag_spectralEntropy_sma_stddevRisingSlope;pcm_fftMag_spectralEntropy_sma_meanFallingSlope;pcm_fftMag_spectralEntropy_sma_stddevFallingSlope;pcm_fftMag_spectralEntropy_sma_linregc1;pcm_fftMag_spectralEntropy_sma_linregc2;pcm_fftMag_spectralEntropy_sma_linregerrQ;pcm_fftMag_spectralEntropy_sma_qregc1;pcm_fftMag_spectralEntropy_sma_qregc2;pcm_fftMag_spectralEntropy_sma_qregc3;pcm_fftMag_spectralEntropy_sma_qregerrQ;pcm_fftMag_spectralEntropy_sma_centroid;pcm_fftMag_spectralVariance_sma_amean;pcm_fftMag_spectralVariance_sma_flatness;pcm_fftMag_spectralVariance_sma_rqmean;pcm_fftMag_spectralVariance_sma_meanPeakDist;pcm_fftMag_spectralVariance_sma_peakDistStddev;pcm_fftMag_spectralVariance_sma_peakRangeAbs;pcm_fftMag_spectralVariance_sma_peakRangeRel;pcm_fftMag_spectralVariance_sma_peakMeanAbs;pcm_fftMag_spectralVariance_sma_peakMeanMeanDist;pcm_fftMag_spectralVariance_sma_peakMeanRel;pcm_fftMag_spectralVariance_sma_minRangeRel;pcm_fftMag_spectralVariance_sma_meanRisingSlope;pcm_fftMag_spectralVariance_sma_stddevRisingSlope;pcm_fftMag_spectralVariance_sma_meanFallingSlope;pcm_fftMag_spectralVariance_sma_stddevFallingSlope;pcm_fftMag_spectralVariance_sma_linregc1;pcm_fftMag_spectralVariance_sma_linregc2;pcm_fftMag_spectralVariance_sma_linregerrQ;pcm_fftMag_spectralVariance_sma_qregc1;pcm_fftMag_spectralVariance_sma_qregc2;pcm_fftMag_spectralVariance_sma_qregc3;pcm_fftMag_spectralVariance_sma_qregerrQ;pcm_fftMag_spectralVariance_sma_centroid;pcm_fftMag_spectralSkewness_sma_amean;pcm_fftMag_spectralSkewness_sma_flatness;pcm_fftMag_spectralSkewness_sma_rqmean;pcm_fftMag_spectralSkewness_sma_meanPeakDist;pcm_fftMag_spectralSkewness_sma_peakDistStddev;pcm_fftMag_spectralSkewness_sma_peakRangeAbs;pcm_fftMag_spectralSkewness_sma_peakRangeRel;pcm_fftMag_spectralSkewness_sma_peakMeanAbs;pcm_fftMag_spectralSkewness_sma_peakMeanMeanDist;pcm_fftMag_spectralSkewness_sma_peakMeanRel;pcm_fftMag_spectralSkewness_sma_minRangeRel;pcm_fftMag_spectralSkewness_sma_meanRisingSlope;pcm_fftMag_spectralSkewness_sma_stddevRisingSlope;pcm_fftMag_spectralSkewness_sma_meanFallingSlope;pcm_fftMag_spectralSkewness_sma_stddevFallingSlope;pcm_fftMag_spectralSkewness_sma_linregc1;pcm_fftMag_spectralSkewness_sma_linregc2;pcm_fftMag_spectralSkewness_sma_linregerrQ;pcm_fftMag_spectralSkewness_sma_qregc1;pcm_fftMag_spectralSkewness_sma_qregc2;pcm_fftMag_spectralSkewness_sma_qregc3;pcm_fftMag_spectralSkewness_sma_qregerrQ;pcm_fftMag_spectralSkewness_sma_centroid;pcm_fftMag_spectralKurtosis_sma_amean;pcm_fftMag_spectralKurtosis_sma_flatness;pcm_fftMag_spectralKurtosis_sma_rqmean;pcm_fftMag_spectralKurtosis_sma_meanPeakDist;pcm_fftMag_spectralKurtosis_sma_peakDistStddev;pcm_fftMag_spectralKurtosis_sma_peakRangeAbs;pcm_fftMag_spectralKurtosis_sma_peakRangeRel;pcm_fftMag_spectralKurtosis_sma_peakMeanAbs;pcm_fftMag_spectralKurtosis_sma_peakMeanMeanDist;pcm_fftMag_spectralKurtosis_sma_peakMeanRel;pcm_fftMag_spectralKurtosis_sma_minRangeRel;pcm_fftMag_spectralKurtosis_sma_meanRisingSlope;pcm_fftMag_spectralKurtosis_sma_stddevRisingSlope;pcm_fftMag_spectralKurtosis_sma_meanFallingSlope;pcm_fftMag_spectralKurtosis_sma_stddevFallingSlope;pcm_fftMag_spectralKurtosis_sma_linregc1;pcm_fftMag_spectralKurtosis_sma_linregc2;pcm_fftMag_spectralKurtosis_sma_linregerrQ;pcm_fftMag_spectralKurtosis_sma_qregc1;pcm_fftMag_spectralKurtosis_sma_qregc2;pcm_fftMag_spectralKurtosis_sma_qregc3;pcm_fftMag_spectralKurtosis_sma_qregerrQ;pcm_fftMag_spectralKurtosis_sma_centroid;pcm_fftMag_spectralSlope_sma_amean;pcm_fftMag_spectralSlope_sma_flatness;pcm_fftMag_spectralSlope_sma_rqmean;pcm_fftMag_spectralSlope_sma_meanPeakDist;pcm_fftMag_spectralSlope_sma_peakDistStddev;pcm_fftMag_spectralSlope_sma_peakRangeAbs;pcm_fftMag_spectralSlope_sma_peakRangeRel;pcm_fftMag_spectralSlope_sma_peakMeanAbs;pcm_fftMag_spectralSlope_sma_peakMeanMeanDist;pcm_fftMag_spectralSlope_sma_peakMeanRel;pcm_fftMag_spectralSlope_sma_minRangeRel;pcm_fftMag_spectralSlope_sma_meanRisingSlope;pcm_fftMag_spectralSlope_sma_stddevRisingSlope;pcm_fftMag_spectralSlope_sma_meanFallingSlope;pcm_fftMag_spectralSlope_sma_stddevFallingSlope;pcm_fftMag_spectralSlope_sma_linregc1;pcm_fftMag_spectralSlope_sma_linregc2;pcm_fftMag_spectralSlope_sma_linregerrQ;pcm_fftMag_spectralSlope_sma_qregc1;pcm_fftMag_spectralSlope_sma_qregc2;pcm_fftMag_spectralSlope_sma_qregc3;pcm_fftMag_spectralSlope_sma_qregerrQ;pcm_fftMag_spectralSlope_sma_centroid;pcm_fftMag_psySharpness_sma_amean;pcm_fftMag_psySharpness_sma_flatness;pcm_fftMag_psySharpness_sma_rqmean;pcm_fftMag_psySharpness_sma_meanPeakDist;pcm_fftMag_psySharpness_sma_peakDistStddev;pcm_fftMag_psySharpness_sma_peakRangeAbs;pcm_fftMag_psySharpness_sma_peakRangeRel;pcm_fftMag_psySharpness_sma_peakMeanAbs;pcm_fftMag_psySharpness_sma_peakMeanMeanDist;pcm_fftMag_psySharpness_sma_peakMeanRel;pcm_fftMag_psySharpness_sma_minRangeRel;pcm_fftMag_psySharpness_sma_meanRisingSlope;pcm_fftMag_psySharpness_sma_stddevRisingSlope;pcm_fftMag_psySharpness_sma_meanFallingSlope;pcm_fftMag_psySharpness_sma_stddevFallingSlope;pcm_fftMag_psySharpness_sma_linregc1;pcm_fftMag_psySharpness_sma_linregc2;pcm_fftMag_psySharpness_sma_linregerrQ;pcm_fftMag_psySharpness_sma_qregc1;pcm_fftMag_psySharpness_sma_qregc2;pcm_fftMag_psySharpness_sma_qregc3;pcm_fftMag_psySharpness_sma_qregerrQ;pcm_fftMag_psySharpness_sma_centroid;pcm_fftMag_spectralHarmonicity_sma_amean;pcm_fftMag_spectralHarmonicity_sma_flatness;pcm_fftMag_spectralHarmonicity_sma_rqmean;pcm_fftMag_spectralHarmonicity_sma_meanPeakDist;pcm_fftMag_spectralHarmonicity_sma_peakDistStddev;pcm_fftMag_spectralHarmonicity_sma_peakRangeAbs;pcm_fftMag_spectralHarmonicity_sma_peakRangeRel;pcm_fftMag_spectralHarmonicity_sma_peakMeanAbs;pcm_fftMag_spectralHarmonicity_sma_peakMeanMeanDist;pcm_fftMag_spectralHarmonicity_sma_peakMeanRel;pcm_fftMag_spectralHarmonicity_sma_minRangeRel;pcm_fftMag_spectralHarmonicity_sma_meanRisingSlope;pcm_fftMag_spectralHarmonicity_sma_stddevRisingSlope;pcm_fftMag_spectralHarmonicity_sma_meanFallingSlope;pcm_fftMag_spectralHarmonicity_sma_stddevFallingSlope;pcm_fftMag_spectralHarmonicity_sma_linregc1;pcm_fftMag_spectralHarmonicity_sma_linregc2;pcm_fftMag_spectralHarmonicity_sma_linregerrQ;pcm_fftMag_spectralHarmonicity_sma_qregc1;pcm_fftMag_spectralHarmonicity_sma_qregc2;pcm_fftMag_spectralHarmonicity_sma_qregc3;pcm_fftMag_spectralHarmonicity_sma_qregerrQ;pcm_fftMag_spectralHarmonicity_sma_centroid;mfcc_sma[1]_amean;mfcc_sma[1]_flatness;mfcc_sma[1]_rqmean;mfcc_sma[1]_meanPeakDist;mfcc_sma[1]_peakDistStddev;mfcc_sma[1]_peakRangeAbs;mfcc_sma[1]_peakRangeRel;mfcc_sma[1]_peakMeanAbs;mfcc_sma[1]_peakMeanMeanDist;mfcc_sma[1]_peakMeanRel;mfcc_sma[1]_minRangeRel;mfcc_sma[1]_meanRisingSlope;mfcc_sma[1]_stddevRisingSlope;mfcc_sma[1]_meanFallingSlope;mfcc_sma[1]_stddevFallingSlope;mfcc_sma[1]_linregc1;mfcc_sma[1]_linregc2;mfcc_sma[1]_linregerrQ;mfcc_sma[1]_qregc1;mfcc_sma[1]_qregc2;mfcc_sma[1]_qregc3;mfcc_sma[1]_qregerrQ;mfcc_sma[1]_centroid;mfcc_sma[2]_amean;mfcc_sma[2]_flatness;mfcc_sma[2]_rqmean;mfcc_sma[2]_meanPeakDist;mfcc_sma[2]_peakDistStddev;mfcc_sma[2]_peakRangeAbs;mfcc_sma[2]_peakRangeRel;mfcc_sma[2]_peakMeanAbs;mfcc_sma[2]_peakMeanMeanDist;mfcc_sma[2]_peakMeanRel;mfcc_sma[2]_minRangeRel;mfcc_sma[2]_meanRisingSlope;mfcc_sma[2]_stddevRisingSlope;mfcc_sma[2]_meanFallingSlope;mfcc_sma[2]_stddevFallingSlope;mfcc_sma[2]_linregc1;mfcc_sma[2]_linregc2;mfcc_sma[2]_linregerrQ;mfcc_sma[2]_qregc1;mfcc_sma[2]_qregc2;mfcc_sma[2]_qregc3;mfcc_sma[2]_qregerrQ;mfcc_sma[2]_centroid;mfcc_sma[3]_amean;mfcc_sma[3]_flatness;mfcc_sma[3]_rqmean;mfcc_sma[3]_meanPeakDist;mfcc_sma[3]_peakDistStddev;mfcc_sma[3]_peakRangeAbs;mfcc_sma[3]_peakRangeRel;mfcc_sma[3]_peakMeanAbs;mfcc_sma[3]_peakMeanMeanDist;mfcc_sma[3]_peakMeanRel;mfcc_sma[3]_minRangeRel;mfcc_sma[3]_meanRisingSlope;mfcc_sma[3]_stddevRisingSlope;mfcc_sma[3]_meanFallingSlope;mfcc_sma[3]_stddevFallingSlope;mfcc_sma[3]_linregc1;mfcc_sma[3]_linregc2;mfcc_sma[3]_linregerrQ;mfcc_sma[3]_qregc1;mfcc_sma[3]_qregc2;mfcc_sma[3]_qregc3;mfcc_sma[3]_qregerrQ;mfcc_sma[3]_centroid;mfcc_sma[4]_amean;mfcc_sma[4]_flatness;mfcc_sma[4]_rqmean;mfcc_sma[4]_meanPeakDist;mfcc_sma[4]_peakDistStddev;mfcc_sma[4]_peakRangeAbs;mfcc_sma[4]_peakRangeRel;mfcc_sma[4]_peakMeanAbs;mfcc_sma[4]_peakMeanMeanDist;mfcc_sma[4]_peakMeanRel;mfcc_sma[4]_minRangeRel;mfcc_sma[4]_meanRisingSlope;mfcc_sma[4]_stddevRisingSlope;mfcc_sma[4]_meanFallingSlope;mfcc_sma[4]_stddevFallingSlope;mfcc_sma[4]_linregc1;mfcc_sma[4]_linregc2;mfcc_sma[4]_linregerrQ;mfcc_sma[4]_qregc1;mfcc_sma[4]_qregc2;mfcc_sma[4]_qregc3;mfcc_sma[4]_qregerrQ;mfcc_sma[4]_centroid;mfcc_sma[5]_amean;mfcc_sma[5]_flatness;mfcc_sma[5]_rqmean;mfcc_sma[5]_meanPeakDist;mfcc_sma[5]_peakDistStddev;mfcc_sma[5]_peakRangeAbs;mfcc_sma[5]_peakRangeRel;mfcc_sma[5]_peakMeanAbs;mfcc_sma[5]_peakMeanMeanDist;mfcc_sma[5]_peakMeanRel;mfcc_sma[5]_minRangeRel;mfcc_sma[5]_meanRisingSlope;mfcc_sma[5]_stddevRisingSlope;mfcc_sma[5]_meanFallingSlope;mfcc_sma[5]_stddevFallingSlope;mfcc_sma[5]_linregc1;mfcc_sma[5]_linregc2;mfcc_sma[5]_linregerrQ;mfcc_sma[5]_qregc1;mfcc_sma[5]_qregc2;mfcc_sma[5]_qregc3;mfcc_sma[5]_qregerrQ;mfcc_sma[5]_centroid;mfcc_sma[6]_amean;mfcc_sma[6]_flatness;mfcc_sma[6]_rqmean;mfcc_sma[6]_meanPeakDist;mfcc_sma[6]_peakDistStddev;mfcc_sma[6]_peakRangeAbs;mfcc_sma[6]_peakRangeRel;mfcc_sma[6]_peakMeanAbs;mfcc_sma[6]_peakMeanMeanDist;mfcc_sma[6]_peakMeanRel;mfcc_sma[6]_minRangeRel;mfcc_sma[6]_meanRisingSlope;mfcc_sma[6]_stddevRisingSlope;mfcc_sma[6]_meanFallingSlope;mfcc_sma[6]_stddevFallingSlope;mfcc_sma[6]_linregc1;mfcc_sma[6]_linregc2;mfcc_sma[6]_linregerrQ;mfcc_sma[6]_qregc1;mfcc_sma[6]_qregc2;mfcc_sma[6]_qregc3;mfcc_sma[6]_qregerrQ;mfcc_sma[6]_centroid;mfcc_sma[7]_amean;mfcc_sma[7]_flatness;mfcc_sma[7]_rqmean;mfcc_sma[7]_meanPeakDist;mfcc_sma[7]_peakDistStddev;mfcc_sma[7]_peakRangeAbs;mfcc_sma[7]_peakRangeRel;mfcc_sma[7]_peakMeanAbs;mfcc_sma[7]_peakMeanMeanDist;mfcc_sma[7]_peakMeanRel;mfcc_sma[7]_minRangeRel;mfcc_sma[7]_meanRisingSlope;mfcc_sma[7]_stddevRisingSlope;mfcc_sma[7]_meanFallingSlope;mfcc_sma[7]_stddevFallingSlope;mfcc_sma[7]_linregc1;mfcc_sma[7]_linregc2;mfcc_sma[7]_linregerrQ;mfcc_sma[7]_qregc1;mfcc_sma[7]_qregc2;mfcc_sma[7]_qregc3;mfcc_sma[7]_qregerrQ;mfcc_sma[7]_centroid;mfcc_sma[8]_amean;mfcc_sma[8]_flatness;mfcc_sma[8]_rqmean;mfcc_sma[8]_meanPeakDist;mfcc_sma[8]_peakDistStddev;mfcc_sma[8]_peakRangeAbs;mfcc_sma[8]_peakRangeRel;mfcc_sma[8]_peakMeanAbs;mfcc_sma[8]_peakMeanMeanDist;mfcc_sma[8]_peakMeanRel;mfcc_sma[8]_minRangeRel;mfcc_sma[8]_meanRisingSlope;mfcc_sma[8]_stddevRisingSlope;mfcc_sma[8]_meanFallingSlope;mfcc_sma[8]_stddevFallingSlope;mfcc_sma[8]_linregc1;mfcc_sma[8]_linregc2;mfcc_sma[8]_linregerrQ;mfcc_sma[8]_qregc1;mfcc_sma[8]_qregc2;mfcc_sma[8]_qregc3;mfcc_sma[8]_qregerrQ;mfcc_sma[8]_centroid;mfcc_sma[9]_amean;mfcc_sma[9]_flatness;mfcc_sma[9]_rqmean;mfcc_sma[9]_meanPeakDist;mfcc_sma[9]_peakDistStddev;mfcc_sma[9]_peakRangeAbs;mfcc_sma[9]_peakRangeRel;mfcc_sma[9]_peakMeanAbs;mfcc_sma[9]_peakMeanMeanDist;mfcc_sma[9]_peakMeanRel;mfcc_sma[9]_minRangeRel;mfcc_sma[9]_meanRisingSlope;mfcc_sma[9]_stddevRisingSlope;mfcc_sma[9]_meanFallingSlope;mfcc_sma[9]_stddevFallingSlope;mfcc_sma[9]_linregc1;mfcc_sma[9]_linregc2;mfcc_sma[9]_linregerrQ;mfcc_sma[9]_qregc1;mfcc_sma[9]_qregc2;mfcc_sma[9]_qregc3;mfcc_sma[9]_qregerrQ;mfcc_sma[9]_centroid;mfcc_sma[10]_amean;mfcc_sma[10]_flatness;mfcc_sma[10]_rqmean;mfcc_sma[10]_meanPeakDist;mfcc_sma[10]_peakDistStddev;mfcc_sma[10]_peakRangeAbs;mfcc_sma[10]_peakRangeRel;mfcc_sma[10]_peakMeanAbs;mfcc_sma[10]_peakMeanMeanDist;mfcc_sma[10]_peakMeanRel;mfcc_sma[10]_minRangeRel;mfcc_sma[10]_meanRisingSlope;mfcc_sma[10]_stddevRisingSlope;mfcc_sma[10]_meanFallingSlope;mfcc_sma[10]_stddevFallingSlope;mfcc_sma[10]_linregc1;mfcc_sma[10]_linregc2;mfcc_sma[10]_linregerrQ;mfcc_sma[10]_qregc1;mfcc_sma[10]_qregc2;mfcc_sma[10]_qregc3;mfcc_sma[10]_qregerrQ;mfcc_sma[10]_centroid;mfcc_sma[11]_amean;mfcc_sma[11]_flatness;mfcc_sma[11]_rqmean;mfcc_sma[11]_meanPeakDist;mfcc_sma[11]_peakDistStddev;mfcc_sma[11]_peakRangeAbs;mfcc_sma[11]_peakRangeRel;mfcc_sma[11]_peakMeanAbs;mfcc_sma[11]_peakMeanMeanDist;mfcc_sma[11]_peakMeanRel;mfcc_sma[11]_minRangeRel;mfcc_sma[11]_meanRisingSlope;mfcc_sma[11]_stddevRisingSlope;mfcc_sma[11]_meanFallingSlope;mfcc_sma[11]_stddevFallingSlope;mfcc_sma[11]_linregc1;mfcc_sma[11]_linregc2;mfcc_sma[11]_linregerrQ;mfcc_sma[11]_qregc1;mfcc_sma[11]_qregc2;mfcc_sma[11]_qregc3;mfcc_sma[11]_qregerrQ;mfcc_sma[11]_centroid;mfcc_sma[12]_amean;mfcc_sma[12]_flatness;mfcc_sma[12]_rqmean;mfcc_sma[12]_meanPeakDist;mfcc_sma[12]_peakDistStddev;mfcc_sma[12]_peakRangeAbs;mfcc_sma[12]_peakRangeRel;mfcc_sma[12]_peakMeanAbs;mfcc_sma[12]_peakMeanMeanDist;mfcc_sma[12]_peakMeanRel;mfcc_sma[12]_minRangeRel;mfcc_sma[12]_meanRisingSlope;mfcc_sma[12]_stddevRisingSlope;mfcc_sma[12]_meanFallingSlope;mfcc_sma[12]_stddevFallingSlope;mfcc_sma[12]_linregc1;mfcc_sma[12]_linregc2;mfcc_sma[12]_linregerrQ;mfcc_sma[12]_qregc1;mfcc_sma[12]_qregc2;mfcc_sma[12]_qregc3;mfcc_sma[12]_qregerrQ;mfcc_sma[12]_centroid;mfcc_sma[13]_amean;mfcc_sma[13]_flatness;mfcc_sma[13]_rqmean;mfcc_sma[13]_meanPeakDist;mfcc_sma[13]_peakDistStddev;mfcc_sma[13]_peakRangeAbs;mfcc_sma[13]_peakRangeRel;mfcc_sma[13]_peakMeanAbs;mfcc_sma[13]_peakMeanMeanDist;mfcc_sma[13]_peakMeanRel;mfcc_sma[13]_minRangeRel;mfcc_sma[13]_meanRisingSlope;mfcc_sma[13]_stddevRisingSlope;mfcc_sma[13]_meanFallingSlope;mfcc_sma[13]_stddevFallingSlope;mfcc_sma[13]_linregc1;mfcc_sma[13]_linregc2;mfcc_sma[13]_linregerrQ;mfcc_sma[13]_qregc1;mfcc_sma[13]_qregc2;mfcc_sma[13]_qregc3;mfcc_sma[13]_qregerrQ;mfcc_sma[13]_centroid;mfcc_sma[14]_amean;mfcc_sma[14]_flatness;mfcc_sma[14]_rqmean;mfcc_sma[14]_meanPeakDist;mfcc_sma[14]_peakDistStddev;mfcc_sma[14]_peakRangeAbs;mfcc_sma[14]_peakRangeRel;mfcc_sma[14]_peakMeanAbs;mfcc_sma[14]_peakMeanMeanDist;mfcc_sma[14]_peakMeanRel;mfcc_sma[14]_minRangeRel;mfcc_sma[14]_meanRisingSlope;mfcc_sma[14]_stddevRisingSlope;mfcc_sma[14]_meanFallingSlope;mfcc_sma[14]_stddevFallingSlope;mfcc_sma[14]_linregc1;mfcc_sma[14]_linregc2;mfcc_sma[14]_linregerrQ;mfcc_sma[14]_qregc1;mfcc_sma[14]_qregc2;mfcc_sma[14]_qregc3;mfcc_sma[14]_qregerrQ;mfcc_sma[14]_centroid;audspec_lengthL1norm_sma_de_flatness;audspec_lengthL1norm_sma_de_posamean;audspec_lengthL1norm_sma_de_rqmean;audspec_lengthL1norm_sma_de_meanPeakDist;audspec_lengthL1norm_sma_de_peakDistStddev;audspec_lengthL1norm_sma_de_peakRangeAbs;audspec_lengthL1norm_sma_de_peakRangeRel;audspec_lengthL1norm_sma_de_peakMeanAbs;audspec_lengthL1norm_sma_de_peakMeanMeanDist;audspec_lengthL1norm_sma_de_peakMeanRel;audspec_lengthL1norm_sma_de_minRangeRel;audspec_lengthL1norm_sma_de_meanRisingSlope;audspec_lengthL1norm_sma_de_stddevRisingSlope;audspec_lengthL1norm_sma_de_meanFallingSlope;audspec_lengthL1norm_sma_de_stddevFallingSlope;audspecRasta_lengthL1norm_sma_de_flatness;audspecRasta_lengthL1norm_sma_de_posamean;audspecRasta_lengthL1norm_sma_de_rqmean;audspecRasta_lengthL1norm_sma_de_meanPeakDist;audspecRasta_lengthL1norm_sma_de_peakDistStddev;audspecRasta_lengthL1norm_sma_de_peakRangeAbs;audspecRasta_lengthL1norm_sma_de_peakRangeRel;audspecRasta_lengthL1norm_sma_de_peakMeanAbs;audspecRasta_lengthL1norm_sma_de_peakMeanMeanDist;audspecRasta_lengthL1norm_sma_de_peakMeanRel;audspecRasta_lengthL1norm_sma_de_minRangeRel;audspecRasta_lengthL1norm_sma_de_meanRisingSlope;audspecRasta_lengthL1norm_sma_de_stddevRisingSlope;audspecRasta_lengthL1norm_sma_de_meanFallingSlope;audspecRasta_lengthL1norm_sma_de_stddevFallingSlope;pcm_RMSenergy_sma_de_flatness;pcm_RMSenergy_sma_de_posamean;pcm_RMSenergy_sma_de_rqmean;pcm_RMSenergy_sma_de_meanPeakDist;pcm_RMSenergy_sma_de_peakDistStddev;pcm_RMSenergy_sma_de_peakRangeAbs;pcm_RMSenergy_sma_de_peakRangeRel;pcm_RMSenergy_sma_de_peakMeanAbs;pcm_RMSenergy_sma_de_peakMeanMeanDist;pcm_RMSenergy_sma_de_peakMeanRel;pcm_RMSenergy_sma_de_minRangeRel;pcm_RMSenergy_sma_de_meanRisingSlope;pcm_RMSenergy_sma_de_stddevRisingSlope;pcm_RMSenergy_sma_de_meanFallingSlope;pcm_RMSenergy_sma_de_stddevFallingSlope;pcm_zcr_sma_de_flatness;pcm_zcr_sma_de_posamean;pcm_zcr_sma_de_rqmean;pcm_zcr_sma_de_meanPeakDist;pcm_zcr_sma_de_peakDistStddev;pcm_zcr_sma_de_peakRangeAbs;pcm_zcr_sma_de_peakRangeRel;pcm_zcr_sma_de_peakMeanAbs;pcm_zcr_sma_de_peakMeanMeanDist;pcm_zcr_sma_de_peakMeanRel;pcm_zcr_sma_de_minRangeRel;pcm_zcr_sma_de_meanRisingSlope;pcm_zcr_sma_de_stddevRisingSlope;pcm_zcr_sma_de_meanFallingSlope;pcm_zcr_sma_de_stddevFallingSlope;audSpec_Rfilt_sma_de[0]_flatness;audSpec_Rfilt_sma_de[0]_posamean;audSpec_Rfilt_sma_de[0]_rqmean;audSpec_Rfilt_sma_de[0]_meanPeakDist;audSpec_Rfilt_sma_de[0]_peakDistStddev;audSpec_Rfilt_sma_de[0]_peakRangeAbs;audSpec_Rfilt_sma_de[0]_peakRangeRel;audSpec_Rfilt_sma_de[0]_peakMeanAbs;audSpec_Rfilt_sma_de[0]_peakMeanMeanDist;audSpec_Rfilt_sma_de[0]_peakMeanRel;audSpec_Rfilt_sma_de[0]_minRangeRel;audSpec_Rfilt_sma_de[0]_meanRisingSlope;audSpec_Rfilt_sma_de[0]_stddevRisingSlope;audSpec_Rfilt_sma_de[0]_meanFallingSlope;audSpec_Rfilt_sma_de[0]_stddevFallingSlope;audSpec_Rfilt_sma_de[1]_flatness;audSpec_Rfilt_sma_de[1]_posamean;audSpec_Rfilt_sma_de[1]_rqmean;audSpec_Rfilt_sma_de[1]_meanPeakDist;audSpec_Rfilt_sma_de[1]_peakDistStddev;audSpec_Rfilt_sma_de[1]_peakRangeAbs;audSpec_Rfilt_sma_de[1]_peakRangeRel;audSpec_Rfilt_sma_de[1]_peakMeanAbs;audSpec_Rfilt_sma_de[1]_peakMeanMeanDist;audSpec_Rfilt_sma_de[1]_peakMeanRel;audSpec_Rfilt_sma_de[1]_minRangeRel;audSpec_Rfilt_sma_de[1]_meanRisingSlope;audSpec_Rfilt_sma_de[1]_stddevRisingSlope;audSpec_Rfilt_sma_de[1]_meanFallingSlope;audSpec_Rfilt_sma_de[1]_stddevFallingSlope;audSpec_Rfilt_sma_de[2]_flatness;audSpec_Rfilt_sma_de[2]_posamean;audSpec_Rfilt_sma_de[2]_rqmean;audSpec_Rfilt_sma_de[2]_meanPeakDist;audSpec_Rfilt_sma_de[2]_peakDistStddev;audSpec_Rfilt_sma_de[2]_peakRangeAbs;audSpec_Rfilt_sma_de[2]_peakRangeRel;audSpec_Rfilt_sma_de[2]_peakMeanAbs;audSpec_Rfilt_sma_de[2]_peakMeanMeanDist;audSpec_Rfilt_sma_de[2]_peakMeanRel;audSpec_Rfilt_sma_de[2]_minRangeRel;audSpec_Rfilt_sma_de[2]_meanRisingSlope;audSpec_Rfilt_sma_de[2]_stddevRisingSlope;audSpec_Rfilt_sma_de[2]_meanFallingSlope;audSpec_Rfilt_sma_de[2]_stddevFallingSlope;audSpec_Rfilt_sma_de[3]_flatness;audSpec_Rfilt_sma_de[3]_posamean;audSpec_Rfilt_sma_de[3]_rqmean;audSpec_Rfilt_sma_de[3]_meanPeakDist;audSpec_Rfilt_sma_de[3]_peakDistStddev;audSpec_Rfilt_sma_de[3]_peakRangeAbs;audSpec_Rfilt_sma_de[3]_peakRangeRel;audSpec_Rfilt_sma_de[3]_peakMeanAbs;audSpec_Rfilt_sma_de[3]_peakMeanMeanDist;audSpec_Rfilt_sma_de[3]_peakMeanRel;audSpec_Rfilt_sma_de[3]_minRangeRel;audSpec_Rfilt_sma_de[3]_meanRisingSlope;audSpec_Rfilt_sma_de[3]_stddevRisingSlope;audSpec_Rfilt_sma_de[3]_meanFallingSlope;audSpec_Rfilt_sma_de[3]_stddevFallingSlope;audSpec_Rfilt_sma_de[4]_flatness;audSpec_Rfilt_sma_de[4]_posamean;audSpec_Rfilt_sma_de[4]_rqmean;audSpec_Rfilt_sma_de[4]_meanPeakDist;audSpec_Rfilt_sma_de[4]_peakDistStddev;audSpec_Rfilt_sma_de[4]_peakRangeAbs;audSpec_Rfilt_sma_de[4]_peakRangeRel;audSpec_Rfilt_sma_de[4]_peakMeanAbs;audSpec_Rfilt_sma_de[4]_peakMeanMeanDist;audSpec_Rfilt_sma_de[4]_peakMeanRel;audSpec_Rfilt_sma_de[4]_minRangeRel;audSpec_Rfilt_sma_de[4]_meanRisingSlope;audSpec_Rfilt_sma_de[4]_stddevRisingSlope;audSpec_Rfilt_sma_de[4]_meanFallingSlope;audSpec_Rfilt_sma_de[4]_stddevFallingSlope;audSpec_Rfilt_sma_de[5]_flatness;audSpec_Rfilt_sma_de[5]_posamean;audSpec_Rfilt_sma_de[5]_rqmean;audSpec_Rfilt_sma_de[5]_meanPeakDist;audSpec_Rfilt_sma_de[5]_peakDistStddev;audSpec_Rfilt_sma_de[5]_peakRangeAbs;audSpec_Rfilt_sma_de[5]_peakRangeRel;audSpec_Rfilt_sma_de[5]_peakMeanAbs;audSpec_Rfilt_sma_de[5]_peakMeanMeanDist;audSpec_Rfilt_sma_de[5]_peakMeanRel;audSpec_Rfilt_sma_de[5]_minRangeRel;audSpec_Rfilt_sma_de[5]_meanRisingSlope;audSpec_Rfilt_sma_de[5]_stddevRisingSlope;audSpec_Rfilt_sma_de[5]_meanFallingSlope;audSpec_Rfilt_sma_de[5]_stddevFallingSlope;audSpec_Rfilt_sma_de[6]_flatness;audSpec_Rfilt_sma_de[6]_posamean;audSpec_Rfilt_sma_de[6]_rqmean;audSpec_Rfilt_sma_de[6]_meanPeakDist;audSpec_Rfilt_sma_de[6]_peakDistStddev;audSpec_Rfilt_sma_de[6]_peakRangeAbs;audSpec_Rfilt_sma_de[6]_peakRangeRel;audSpec_Rfilt_sma_de[6]_peakMeanAbs;audSpec_Rfilt_sma_de[6]_peakMeanMeanDist;audSpec_Rfilt_sma_de[6]_peakMeanRel;audSpec_Rfilt_sma_de[6]_minRangeRel;audSpec_Rfilt_sma_de[6]_meanRisingSlope;audSpec_Rfilt_sma_de[6]_stddevRisingSlope;audSpec_Rfilt_sma_de[6]_meanFallingSlope;audSpec_Rfilt_sma_de[6]_stddevFallingSlope;audSpec_Rfilt_sma_de[7]_flatness;audSpec_Rfilt_sma_de[7]_posamean;audSpec_Rfilt_sma_de[7]_rqmean;audSpec_Rfilt_sma_de[7]_meanPeakDist;audSpec_Rfilt_sma_de[7]_peakDistStddev;audSpec_Rfilt_sma_de[7]_peakRangeAbs;audSpec_Rfilt_sma_de[7]_peakRangeRel;audSpec_Rfilt_sma_de[7]_peakMeanAbs;audSpec_Rfilt_sma_de[7]_peakMeanMeanDist;audSpec_Rfilt_sma_de[7]_peakMeanRel;audSpec_Rfilt_sma_de[7]_minRangeRel;audSpec_Rfilt_sma_de[7]_meanRisingSlope;audSpec_Rfilt_sma_de[7]_stddevRisingSlope;audSpec_Rfilt_sma_de[7]_meanFallingSlope;audSpec_Rfilt_sma_de[7]_stddevFallingSlope;audSpec_Rfilt_sma_de[8]_flatness;audSpec_Rfilt_sma_de[8]_posamean;audSpec_Rfilt_sma_de[8]_rqmean;audSpec_Rfilt_sma_de[8]_meanPeakDist;audSpec_Rfilt_sma_de[8]_peakDistStddev;audSpec_Rfilt_sma_de[8]_peakRangeAbs;audSpec_Rfilt_sma_de[8]_peakRangeRel;audSpec_Rfilt_sma_de[8]_peakMeanAbs;audSpec_Rfilt_sma_de[8]_peakMeanMeanDist;audSpec_Rfilt_sma_de[8]_peakMeanRel;audSpec_Rfilt_sma_de[8]_minRangeRel;audSpec_Rfilt_sma_de[8]_meanRisingSlope;audSpec_Rfilt_sma_de[8]_stddevRisingSlope;audSpec_Rfilt_sma_de[8]_meanFallingSlope;audSpec_Rfilt_sma_de[8]_stddevFallingSlope;audSpec_Rfilt_sma_de[9]_flatness;audSpec_Rfilt_sma_de[9]_posamean;audSpec_Rfilt_sma_de[9]_rqmean;audSpec_Rfilt_sma_de[9]_meanPeakDist;audSpec_Rfilt_sma_de[9]_peakDistStddev;audSpec_Rfilt_sma_de[9]_peakRangeAbs;audSpec_Rfilt_sma_de[9]_peakRangeRel;audSpec_Rfilt_sma_de[9]_peakMeanAbs;audSpec_Rfilt_sma_de[9]_peakMeanMeanDist;audSpec_Rfilt_sma_de[9]_peakMeanRel;audSpec_Rfilt_sma_de[9]_minRangeRel;audSpec_Rfilt_sma_de[9]_meanRisingSlope;audSpec_Rfilt_sma_de[9]_stddevRisingSlope;audSpec_Rfilt_sma_de[9]_meanFallingSlope;audSpec_Rfilt_sma_de[9]_stddevFallingSlope;audSpec_Rfilt_sma_de[10]_flatness;audSpec_Rfilt_sma_de[10]_posamean;audSpec_Rfilt_sma_de[10]_rqmean;audSpec_Rfilt_sma_de[10]_meanPeakDist;audSpec_Rfilt_sma_de[10]_peakDistStddev;audSpec_Rfilt_sma_de[10]_peakRangeAbs;audSpec_Rfilt_sma_de[10]_peakRangeRel;audSpec_Rfilt_sma_de[10]_peakMeanAbs;audSpec_Rfilt_sma_de[10]_peakMeanMeanDist;audSpec_Rfilt_sma_de[10]_peakMeanRel;audSpec_Rfilt_sma_de[10]_minRangeRel;audSpec_Rfilt_sma_de[10]_meanRisingSlope;audSpec_Rfilt_sma_de[10]_stddevRisingSlope;audSpec_Rfilt_sma_de[10]_meanFallingSlope;audSpec_Rfilt_sma_de[10]_stddevFallingSlope;audSpec_Rfilt_sma_de[11]_flatness;audSpec_Rfilt_sma_de[11]_posamean;audSpec_Rfilt_sma_de[11]_rqmean;audSpec_Rfilt_sma_de[11]_meanPeakDist;audSpec_Rfilt_sma_de[11]_peakDistStddev;audSpec_Rfilt_sma_de[11]_peakRangeAbs;audSpec_Rfilt_sma_de[11]_peakRangeRel;audSpec_Rfilt_sma_de[11]_peakMeanAbs;audSpec_Rfilt_sma_de[11]_peakMeanMeanDist;audSpec_Rfilt_sma_de[11]_peakMeanRel;audSpec_Rfilt_sma_de[11]_minRangeRel;audSpec_Rfilt_sma_de[11]_meanRisingSlope;audSpec_Rfilt_sma_de[11]_stddevRisingSlope;audSpec_Rfilt_sma_de[11]_meanFallingSlope;audSpec_Rfilt_sma_de[11]_stddevFallingSlope;audSpec_Rfilt_sma_de[12]_flatness;audSpec_Rfilt_sma_de[12]_posamean;audSpec_Rfilt_sma_de[12]_rqmean;audSpec_Rfilt_sma_de[12]_meanPeakDist;audSpec_Rfilt_sma_de[12]_peakDistStddev;audSpec_Rfilt_sma_de[12]_peakRangeAbs;audSpec_Rfilt_sma_de[12]_peakRangeRel;audSpec_Rfilt_sma_de[12]_peakMeanAbs;audSpec_Rfilt_sma_de[12]_peakMeanMeanDist;audSpec_Rfilt_sma_de[12]_peakMeanRel;audSpec_Rfilt_sma_de[12]_minRangeRel;audSpec_Rfilt_sma_de[12]_meanRisingSlope;audSpec_Rfilt_sma_de[12]_stddevRisingSlope;audSpec_Rfilt_sma_de[12]_meanFallingSlope;audSpec_Rfilt_sma_de[12]_stddevFallingSlope;audSpec_Rfilt_sma_de[13]_flatness;audSpec_Rfilt_sma_de[13]_posamean;audSpec_Rfilt_sma_de[13]_rqmean;audSpec_Rfilt_sma_de[13]_meanPeakDist;audSpec_Rfilt_sma_de[13]_peakDistStddev;audSpec_Rfilt_sma_de[13]_peakRangeAbs;audSpec_Rfilt_sma_de[13]_peakRangeRel;audSpec_Rfilt_sma_de[13]_peakMeanAbs;audSpec_Rfilt_sma_de[13]_peakMeanMeanDist;audSpec_Rfilt_sma_de[13]_peakMeanRel;audSpec_Rfilt_sma_de[13]_minRangeRel;audSpec_Rfilt_sma_de[13]_meanRisingSlope;audSpec_Rfilt_sma_de[13]_stddevRisingSlope;audSpec_Rfilt_sma_de[13]_meanFallingSlope;audSpec_Rfilt_sma_de[13]_stddevFallingSlope;audSpec_Rfilt_sma_de[14]_flatness;audSpec_Rfilt_sma_de[14]_posamean;audSpec_Rfilt_sma_de[14]_rqmean;audSpec_Rfilt_sma_de[14]_meanPeakDist;audSpec_Rfilt_sma_de[14]_peakDistStddev;audSpec_Rfilt_sma_de[14]_peakRangeAbs;audSpec_Rfilt_sma_de[14]_peakRangeRel;audSpec_Rfilt_sma_de[14]_peakMeanAbs;audSpec_Rfilt_sma_de[14]_peakMeanMeanDist;audSpec_Rfilt_sma_de[14]_peakMeanRel;audSpec_Rfilt_sma_de[14]_minRangeRel;audSpec_Rfilt_sma_de[14]_meanRisingSlope;audSpec_Rfilt_sma_de[14]_stddevRisingSlope;audSpec_Rfilt_sma_de[14]_meanFallingSlope;audSpec_Rfilt_sma_de[14]_stddevFallingSlope;audSpec_Rfilt_sma_de[15]_flatness;audSpec_Rfilt_sma_de[15]_posamean;audSpec_Rfilt_sma_de[15]_rqmean;audSpec_Rfilt_sma_de[15]_meanPeakDist;audSpec_Rfilt_sma_de[15]_peakDistStddev;audSpec_Rfilt_sma_de[15]_peakRangeAbs;audSpec_Rfilt_sma_de[15]_peakRangeRel;audSpec_Rfilt_sma_de[15]_peakMeanAbs;audSpec_Rfilt_sma_de[15]_peakMeanMeanDist;audSpec_Rfilt_sma_de[15]_peakMeanRel;audSpec_Rfilt_sma_de[15]_minRangeRel;audSpec_Rfilt_sma_de[15]_meanRisingSlope;audSpec_Rfilt_sma_de[15]_stddevRisingSlope;audSpec_Rfilt_sma_de[15]_meanFallingSlope;audSpec_Rfilt_sma_de[15]_stddevFallingSlope;audSpec_Rfilt_sma_de[16]_flatness;audSpec_Rfilt_sma_de[16]_posamean;audSpec_Rfilt_sma_de[16]_rqmean;audSpec_Rfilt_sma_de[16]_meanPeakDist;audSpec_Rfilt_sma_de[16]_peakDistStddev;audSpec_Rfilt_sma_de[16]_peakRangeAbs;audSpec_Rfilt_sma_de[16]_peakRangeRel;audSpec_Rfilt_sma_de[16]_peakMeanAbs;audSpec_Rfilt_sma_de[16]_peakMeanMeanDist;audSpec_Rfilt_sma_de[16]_peakMeanRel;audSpec_Rfilt_sma_de[16]_minRangeRel;audSpec_Rfilt_sma_de[16]_meanRisingSlope;audSpec_Rfilt_sma_de[16]_stddevRisingSlope;audSpec_Rfilt_sma_de[16]_meanFallingSlope;audSpec_Rfilt_sma_de[16]_stddevFallingSlope;audSpec_Rfilt_sma_de[17]_flatness;audSpec_Rfilt_sma_de[17]_posamean;audSpec_Rfilt_sma_de[17]_rqmean;audSpec_Rfilt_sma_de[17]_meanPeakDist;audSpec_Rfilt_sma_de[17]_peakDistStddev;audSpec_Rfilt_sma_de[17]_peakRangeAbs;audSpec_Rfilt_sma_de[17]_peakRangeRel;audSpec_Rfilt_sma_de[17]_peakMeanAbs;audSpec_Rfilt_sma_de[17]_peakMeanMeanDist;audSpec_Rfilt_sma_de[17]_peakMeanRel;audSpec_Rfilt_sma_de[17]_minRangeRel;audSpec_Rfilt_sma_de[17]_meanRisingSlope;audSpec_Rfilt_sma_de[17]_stddevRisingSlope;audSpec_Rfilt_sma_de[17]_meanFallingSlope;audSpec_Rfilt_sma_de[17]_stddevFallingSlope;audSpec_Rfilt_sma_de[18]_flatness;audSpec_Rfilt_sma_de[18]_posamean;audSpec_Rfilt_sma_de[18]_rqmean;audSpec_Rfilt_sma_de[18]_meanPeakDist;audSpec_Rfilt_sma_de[18]_peakDistStddev;audSpec_Rfilt_sma_de[18]_peakRangeAbs;audSpec_Rfilt_sma_de[18]_peakRangeRel;audSpec_Rfilt_sma_de[18]_peakMeanAbs;audSpec_Rfilt_sma_de[18]_peakMeanMeanDist;audSpec_Rfilt_sma_de[18]_peakMeanRel;audSpec_Rfilt_sma_de[18]_minRangeRel;audSpec_Rfilt_sma_de[18]_meanRisingSlope;audSpec_Rfilt_sma_de[18]_stddevRisingSlope;audSpec_Rfilt_sma_de[18]_meanFallingSlope;audSpec_Rfilt_sma_de[18]_stddevFallingSlope;audSpec_Rfilt_sma_de[19]_flatness;audSpec_Rfilt_sma_de[19]_posamean;audSpec_Rfilt_sma_de[19]_rqmean;audSpec_Rfilt_sma_de[19]_meanPeakDist;audSpec_Rfilt_sma_de[19]_peakDistStddev;audSpec_Rfilt_sma_de[19]_peakRangeAbs;audSpec_Rfilt_sma_de[19]_peakRangeRel;audSpec_Rfilt_sma_de[19]_peakMeanAbs;audSpec_Rfilt_sma_de[19]_peakMeanMeanDist;audSpec_Rfilt_sma_de[19]_peakMeanRel;audSpec_Rfilt_sma_de[19]_minRangeRel;audSpec_Rfilt_sma_de[19]_meanRisingSlope;audSpec_Rfilt_sma_de[19]_stddevRisingSlope;audSpec_Rfilt_sma_de[19]_meanFallingSlope;audSpec_Rfilt_sma_de[19]_stddevFallingSlope;audSpec_Rfilt_sma_de[20]_flatness;audSpec_Rfilt_sma_de[20]_posamean;audSpec_Rfilt_sma_de[20]_rqmean;audSpec_Rfilt_sma_de[20]_meanPeakDist;audSpec_Rfilt_sma_de[20]_peakDistStddev;audSpec_Rfilt_sma_de[20]_peakRangeAbs;audSpec_Rfilt_sma_de[20]_peakRangeRel;audSpec_Rfilt_sma_de[20]_peakMeanAbs;audSpec_Rfilt_sma_de[20]_peakMeanMeanDist;audSpec_Rfilt_sma_de[20]_peakMeanRel;audSpec_Rfilt_sma_de[20]_minRangeRel;audSpec_Rfilt_sma_de[20]_meanRisingSlope;audSpec_Rfilt_sma_de[20]_stddevRisingSlope;audSpec_Rfilt_sma_de[20]_meanFallingSlope;audSpec_Rfilt_sma_de[20]_stddevFallingSlope;audSpec_Rfilt_sma_de[21]_flatness;audSpec_Rfilt_sma_de[21]_posamean;audSpec_Rfilt_sma_de[21]_rqmean;audSpec_Rfilt_sma_de[21]_meanPeakDist;audSpec_Rfilt_sma_de[21]_peakDistStddev;audSpec_Rfilt_sma_de[21]_peakRangeAbs;audSpec_Rfilt_sma_de[21]_peakRangeRel;audSpec_Rfilt_sma_de[21]_peakMeanAbs;audSpec_Rfilt_sma_de[21]_peakMeanMeanDist;audSpec_Rfilt_sma_de[21]_peakMeanRel;audSpec_Rfilt_sma_de[21]_minRangeRel;audSpec_Rfilt_sma_de[21]_meanRisingSlope;audSpec_Rfilt_sma_de[21]_stddevRisingSlope;audSpec_Rfilt_sma_de[21]_meanFallingSlope;audSpec_Rfilt_sma_de[21]_stddevFallingSlope;audSpec_Rfilt_sma_de[22]_flatness;audSpec_Rfilt_sma_de[22]_posamean;audSpec_Rfilt_sma_de[22]_rqmean;audSpec_Rfilt_sma_de[22]_meanPeakDist;audSpec_Rfilt_sma_de[22]_peakDistStddev;audSpec_Rfilt_sma_de[22]_peakRangeAbs;audSpec_Rfilt_sma_de[22]_peakRangeRel;audSpec_Rfilt_sma_de[22]_peakMeanAbs;audSpec_Rfilt_sma_de[22]_peakMeanMeanDist;audSpec_Rfilt_sma_de[22]_peakMeanRel;audSpec_Rfilt_sma_de[22]_minRangeRel;audSpec_Rfilt_sma_de[22]_meanRisingSlope;audSpec_Rfilt_sma_de[22]_stddevRisingSlope;audSpec_Rfilt_sma_de[22]_meanFallingSlope;audSpec_Rfilt_sma_de[22]_stddevFallingSlope;audSpec_Rfilt_sma_de[23]_flatness;audSpec_Rfilt_sma_de[23]_posamean;audSpec_Rfilt_sma_de[23]_rqmean;audSpec_Rfilt_sma_de[23]_meanPeakDist;audSpec_Rfilt_sma_de[23]_peakDistStddev;audSpec_Rfilt_sma_de[23]_peakRangeAbs;audSpec_Rfilt_sma_de[23]_peakRangeRel;audSpec_Rfilt_sma_de[23]_peakMeanAbs;audSpec_Rfilt_sma_de[23]_peakMeanMeanDist;audSpec_Rfilt_sma_de[23]_peakMeanRel;audSpec_Rfilt_sma_de[23]_minRangeRel;audSpec_Rfilt_sma_de[23]_meanRisingSlope;audSpec_Rfilt_sma_de[23]_stddevRisingSlope;audSpec_Rfilt_sma_de[23]_meanFallingSlope;audSpec_Rfilt_sma_de[23]_stddevFallingSlope;audSpec_Rfilt_sma_de[24]_flatness;audSpec_Rfilt_sma_de[24]_posamean;audSpec_Rfilt_sma_de[24]_rqmean;audSpec_Rfilt_sma_de[24]_meanPeakDist;audSpec_Rfilt_sma_de[24]_peakDistStddev;audSpec_Rfilt_sma_de[24]_peakRangeAbs;audSpec_Rfilt_sma_de[24]_peakRangeRel;audSpec_Rfilt_sma_de[24]_peakMeanAbs;audSpec_Rfilt_sma_de[24]_peakMeanMeanDist;audSpec_Rfilt_sma_de[24]_peakMeanRel;audSpec_Rfilt_sma_de[24]_minRangeRel;audSpec_Rfilt_sma_de[24]_meanRisingSlope;audSpec_Rfilt_sma_de[24]_stddevRisingSlope;audSpec_Rfilt_sma_de[24]_meanFallingSlope;audSpec_Rfilt_sma_de[24]_stddevFallingSlope;audSpec_Rfilt_sma_de[25]_flatness;audSpec_Rfilt_sma_de[25]_posamean;audSpec_Rfilt_sma_de[25]_rqmean;audSpec_Rfilt_sma_de[25]_meanPeakDist;audSpec_Rfilt_sma_de[25]_peakDistStddev;audSpec_Rfilt_sma_de[25]_peakRangeAbs;audSpec_Rfilt_sma_de[25]_peakRangeRel;audSpec_Rfilt_sma_de[25]_peakMeanAbs;audSpec_Rfilt_sma_de[25]_peakMeanMeanDist;audSpec_Rfilt_sma_de[25]_peakMeanRel;audSpec_Rfilt_sma_de[25]_minRangeRel;audSpec_Rfilt_sma_de[25]_meanRisingSlope;audSpec_Rfilt_sma_de[25]_stddevRisingSlope;audSpec_Rfilt_sma_de[25]_meanFallingSlope;audSpec_Rfilt_sma_de[25]_stddevFallingSlope;pcm_fftMag_fband250-650_sma_de_flatness;pcm_fftMag_fband250-650_sma_de_posamean;pcm_fftMag_fband250-650_sma_de_rqmean;pcm_fftMag_fband250-650_sma_de_meanPeakDist;pcm_fftMag_fband250-650_sma_de_peakDistStddev;pcm_fftMag_fband250-650_sma_de_peakRangeAbs;pcm_fftMag_fband250-650_sma_de_peakRangeRel;pcm_fftMag_fband250-650_sma_de_peakMeanAbs;pcm_fftMag_fband250-650_sma_de_peakMeanMeanDist;pcm_fftMag_fband250-650_sma_de_peakMeanRel;pcm_fftMag_fband250-650_sma_de_minRangeRel;pcm_fftMag_fband250-650_sma_de_meanRisingSlope;pcm_fftMag_fband250-650_sma_de_stddevRisingSlope;pcm_fftMag_fband250-650_sma_de_meanFallingSlope;pcm_fftMag_fband250-650_sma_de_stddevFallingSlope;pcm_fftMag_fband1000-4000_sma_de_flatness;pcm_fftMag_fband1000-4000_sma_de_posamean;pcm_fftMag_fband1000-4000_sma_de_rqmean;pcm_fftMag_fband1000-4000_sma_de_meanPeakDist;pcm_fftMag_fband1000-4000_sma_de_peakDistStddev;pcm_fftMag_fband1000-4000_sma_de_peakRangeAbs;pcm_fftMag_fband1000-4000_sma_de_peakRangeRel;pcm_fftMag_fband1000-4000_sma_de_peakMeanAbs;pcm_fftMag_fband1000-4000_sma_de_peakMeanMeanDist;pcm_fftMag_fband1000-4000_sma_de_peakMeanRel;pcm_fftMag_fband1000-4000_sma_de_minRangeRel;pcm_fftMag_fband1000-4000_sma_de_meanRisingSlope;pcm_fftMag_fband1000-4000_sma_de_stddevRisingSlope;pcm_fftMag_fband1000-4000_sma_de_meanFallingSlope;pcm_fftMag_fband1000-4000_sma_de_stddevFallingSlope;pcm_fftMag_spectralRollOff25.0_sma_de_flatness;pcm_fftMag_spectralRollOff25.0_sma_de_posamean;pcm_fftMag_spectralRollOff25.0_sma_de_rqmean;pcm_fftMag_spectralRollOff25.0_sma_de_meanPeakDist;pcm_fftMag_spectralRollOff25.0_sma_de_peakDistStddev;pcm_fftMag_spectralRollOff25.0_sma_de_peakRangeAbs;pcm_fftMag_spectralRollOff25.0_sma_de_peakRangeRel;pcm_fftMag_spectralRollOff25.0_sma_de_peakMeanAbs;pcm_fftMag_spectralRollOff25.0_sma_de_peakMeanMeanDist;pcm_fftMag_spectralRollOff25.0_sma_de_peakMeanRel;pcm_fftMag_spectralRollOff25.0_sma_de_minRangeRel;pcm_fftMag_spectralRollOff25.0_sma_de_meanRisingSlope;pcm_fftMag_spectralRollOff25.0_sma_de_stddevRisingSlope;pcm_fftMag_spectralRollOff25.0_sma_de_meanFallingSlope;pcm_fftMag_spectralRollOff25.0_sma_de_stddevFallingSlope;pcm_fftMag_spectralRollOff50.0_sma_de_flatness;pcm_fftMag_spectralRollOff50.0_sma_de_posamean;pcm_fftMag_spectralRollOff50.0_sma_de_rqmean;pcm_fftMag_spectralRollOff50.0_sma_de_meanPeakDist;pcm_fftMag_spectralRollOff50.0_sma_de_peakDistStddev;pcm_fftMag_spectralRollOff50.0_sma_de_peakRangeAbs;pcm_fftMag_spectralRollOff50.0_sma_de_peakRangeRel;pcm_fftMag_spectralRollOff50.0_sma_de_peakMeanAbs;pcm_fftMag_spectralRollOff50.0_sma_de_peakMeanMeanDist;pcm_fftMag_spectralRollOff50.0_sma_de_peakMeanRel;pcm_fftMag_spectralRollOff50.0_sma_de_minRangeRel;pcm_fftMag_spectralRollOff50.0_sma_de_meanRisingSlope;pcm_fftMag_spectralRollOff50.0_sma_de_stddevRisingSlope;pcm_fftMag_spectralRollOff50.0_sma_de_meanFallingSlope;pcm_fftMag_spectralRollOff50.0_sma_de_stddevFallingSlope;pcm_fftMag_spectralRollOff75.0_sma_de_flatness;pcm_fftMag_spectralRollOff75.0_sma_de_posamean;pcm_fftMag_spectralRollOff75.0_sma_de_rqmean;pcm_fftMag_spectralRollOff75.0_sma_de_meanPeakDist;pcm_fftMag_spectralRollOff75.0_sma_de_peakDistStddev;pcm_fftMag_spectralRollOff75.0_sma_de_peakRangeAbs;pcm_fftMag_spectralRollOff75.0_sma_de_peakRangeRel;pcm_fftMag_spectralRollOff75.0_sma_de_peakMeanAbs;pcm_fftMag_spectralRollOff75.0_sma_de_peakMeanMeanDist;pcm_fftMag_spectralRollOff75.0_sma_de_peakMeanRel;pcm_fftMag_spectralRollOff75.0_sma_de_minRangeRel;pcm_fftMag_spectralRollOff75.0_sma_de_meanRisingSlope;pcm_fftMag_spectralRollOff75.0_sma_de_stddevRisingSlope;pcm_fftMag_spectralRollOff75.0_sma_de_meanFallingSlope;pcm_fftMag_spectralRollOff75.0_sma_de_stddevFallingSlope;pcm_fftMag_spectralRollOff90.0_sma_de_flatness;pcm_fftMag_spectralRollOff90.0_sma_de_posamean;pcm_fftMag_spectralRollOff90.0_sma_de_rqmean;pcm_fftMag_spectralRollOff90.0_sma_de_meanPeakDist;pcm_fftMag_spectralRollOff90.0_sma_de_peakDistStddev;pcm_fftMag_spectralRollOff90.0_sma_de_peakRangeAbs;pcm_fftMag_spectralRollOff90.0_sma_de_peakRangeRel;pcm_fftMag_spectralRollOff90.0_sma_de_peakMeanAbs;pcm_fftMag_spectralRollOff90.0_sma_de_peakMeanMeanDist;pcm_fftMag_spectralRollOff90.0_sma_de_peakMeanRel;pcm_fftMag_spectralRollOff90.0_sma_de_minRangeRel;pcm_fftMag_spectralRollOff90.0_sma_de_meanRisingSlope;pcm_fftMag_spectralRollOff90.0_sma_de_stddevRisingSlope;pcm_fftMag_spectralRollOff90.0_sma_de_meanFallingSlope;pcm_fftMag_spectralRollOff90.0_sma_de_stddevFallingSlope;pcm_fftMag_spectralFlux_sma_de_flatness;pcm_fftMag_spectralFlux_sma_de_posamean;pcm_fftMag_spectralFlux_sma_de_rqmean;pcm_fftMag_spectralFlux_sma_de_meanPeakDist;pcm_fftMag_spectralFlux_sma_de_peakDistStddev;pcm_fftMag_spectralFlux_sma_de_peakRangeAbs;pcm_fftMag_spectralFlux_sma_de_peakRangeRel;pcm_fftMag_spectralFlux_sma_de_peakMeanAbs;pcm_fftMag_spectralFlux_sma_de_peakMeanMeanDist;pcm_fftMag_spectralFlux_sma_de_peakMeanRel;pcm_fftMag_spectralFlux_sma_de_minRangeRel;pcm_fftMag_spectralFlux_sma_de_meanRisingSlope;pcm_fftMag_spectralFlux_sma_de_stddevRisingSlope;pcm_fftMag_spectralFlux_sma_de_meanFallingSlope;pcm_fftMag_spectralFlux_sma_de_stddevFallingSlope;pcm_fftMag_spectralCentroid_sma_de_flatness;pcm_fftMag_spectralCentroid_sma_de_posamean;pcm_fftMag_spectralCentroid_sma_de_rqmean;pcm_fftMag_spectralCentroid_sma_de_meanPeakDist;pcm_fftMag_spectralCentroid_sma_de_peakDistStddev;pcm_fftMag_spectralCentroid_sma_de_peakRangeAbs;pcm_fftMag_spectralCentroid_sma_de_peakRangeRel;pcm_fftMag_spectralCentroid_sma_de_peakMeanAbs;pcm_fftMag_spectralCentroid_sma_de_peakMeanMeanDist;pcm_fftMag_spectralCentroid_sma_de_peakMeanRel;pcm_fftMag_spectralCentroid_sma_de_minRangeRel;pcm_fftMag_spectralCentroid_sma_de_meanRisingSlope;pcm_fftMag_spectralCentroid_sma_de_stddevRisingSlope;pcm_fftMag_spectralCentroid_sma_de_meanFallingSlope;pcm_fftMag_spectralCentroid_sma_de_stddevFallingSlope;pcm_fftMag_spectralEntropy_sma_de_flatness;pcm_fftMag_spectralEntropy_sma_de_posamean;pcm_fftMag_spectralEntropy_sma_de_rqmean;pcm_fftMag_spectralEntropy_sma_de_meanPeakDist;pcm_fftMag_spectralEntropy_sma_de_peakDistStddev;pcm_fftMag_spectralEntropy_sma_de_peakRangeAbs;pcm_fftMag_spectralEntropy_sma_de_peakRangeRel;pcm_fftMag_spectralEntropy_sma_de_peakMeanAbs;pcm_fftMag_spectralEntropy_sma_de_peakMeanMeanDist;pcm_fftMag_spectralEntropy_sma_de_peakMeanRel;pcm_fftMag_spectralEntropy_sma_de_minRangeRel;pcm_fftMag_spectralEntropy_sma_de_meanRisingSlope;pcm_fftMag_spectralEntropy_sma_de_stddevRisingSlope;pcm_fftMag_spectralEntropy_sma_de_meanFallingSlope;pcm_fftMag_spectralEntropy_sma_de_stddevFallingSlope;pcm_fftMag_spectralVariance_sma_de_flatness;pcm_fftMag_spectralVariance_sma_de_posamean;pcm_fftMag_spectralVariance_sma_de_rqmean;pcm_fftMag_spectralVariance_sma_de_meanPeakDist;pcm_fftMag_spectralVariance_sma_de_peakDistStddev;pcm_fftMag_spectralVariance_sma_de_peakRangeAbs;pcm_fftMag_spectralVariance_sma_de_peakRangeRel;pcm_fftMag_spectralVariance_sma_de_peakMeanAbs;pcm_fftMag_spectralVariance_sma_de_peakMeanMeanDist;pcm_fftMag_spectralVariance_sma_de_peakMeanRel;pcm_fftMag_spectralVariance_sma_de_minRangeRel;pcm_fftMag_spectralVariance_sma_de_meanRisingSlope;pcm_fftMag_spectralVariance_sma_de_stddevRisingSlope;pcm_fftMag_spectralVariance_sma_de_meanFallingSlope;pcm_fftMag_spectralVariance_sma_de_stddevFallingSlope;pcm_fftMag_spectralSkewness_sma_de_flatness;pcm_fftMag_spectralSkewness_sma_de_posamean;pcm_fftMag_spectralSkewness_sma_de_rqmean;pcm_fftMag_spectralSkewness_sma_de_meanPeakDist;pcm_fftMag_spectralSkewness_sma_de_peakDistStddev;pcm_fftMag_spectralSkewness_sma_de_peakRangeAbs;pcm_fftMag_spectralSkewness_sma_de_peakRangeRel;pcm_fftMag_spectralSkewness_sma_de_peakMeanAbs;pcm_fftMag_spectralSkewness_sma_de_peakMeanMeanDist;pcm_fftMag_spectralSkewness_sma_de_peakMeanRel;pcm_fftMag_spectralSkewness_sma_de_minRangeRel;pcm_fftMag_spectralSkewness_sma_de_meanRisingSlope;pcm_fftMag_spectralSkewness_sma_de_stddevRisingSlope;pcm_fftMag_spectralSkewness_sma_de_meanFallingSlope;pcm_fftMag_spectralSkewness_sma_de_stddevFallingSlope;pcm_fftMag_spectralKurtosis_sma_de_flatness;pcm_fftMag_spectralKurtosis_sma_de_posamean;pcm_fftMag_spectralKurtosis_sma_de_rqmean;pcm_fftMag_spectralKurtosis_sma_de_meanPeakDist;pcm_fftMag_spectralKurtosis_sma_de_peakDistStddev;pcm_fftMag_spectralKurtosis_sma_de_peakRangeAbs;pcm_fftMag_spectralKurtosis_sma_de_peakRangeRel;pcm_fftMag_spectralKurtosis_sma_de_peakMeanAbs;pcm_fftMag_spectralKurtosis_sma_de_peakMeanMeanDist;pcm_fftMag_spectralKurtosis_sma_de_peakMeanRel;pcm_fftMag_spectralKurtosis_sma_de_minRangeRel;pcm_fftMag_spectralKurtosis_sma_de_meanRisingSlope;pcm_fftMag_spectralKurtosis_sma_de_stddevRisingSlope;pcm_fftMag_spectralKurtosis_sma_de_meanFallingSlope;pcm_fftMag_spectralKurtosis_sma_de_stddevFallingSlope;pcm_fftMag_spectralSlope_sma_de_flatness;pcm_fftMag_spectralSlope_sma_de_posamean;pcm_fftMag_spectralSlope_sma_de_rqmean;pcm_fftMag_spectralSlope_sma_de_meanPeakDist;pcm_fftMag_spectralSlope_sma_de_peakDistStddev;pcm_fftMag_spectralSlope_sma_de_peakRangeAbs;pcm_fftMag_spectralSlope_sma_de_peakRangeRel;pcm_fftMag_spectralSlope_sma_de_peakMeanAbs;pcm_fftMag_spectralSlope_sma_de_peakMeanMeanDist;pcm_fftMag_spectralSlope_sma_de_peakMeanRel;pcm_fftMag_spectralSlope_sma_de_minRangeRel;pcm_fftMag_spectralSlope_sma_de_meanRisingSlope;pcm_fftMag_spectralSlope_sma_de_stddevRisingSlope;pcm_fftMag_spectralSlope_sma_de_meanFallingSlope;pcm_fftMag_spectralSlope_sma_de_stddevFallingSlope;pcm_fftMag_psySharpness_sma_de_flatness;pcm_fftMag_psySharpness_sma_de_posamean;pcm_fftMag_psySharpness_sma_de_rqmean;pcm_fftMag_psySharpness_sma_de_meanPeakDist;pcm_fftMag_psySharpness_sma_de_peakDistStddev;pcm_fftMag_psySharpness_sma_de_peakRangeAbs;pcm_fftMag_psySharpness_sma_de_peakRangeRel;pcm_fftMag_psySharpness_sma_de_peakMeanAbs;pcm_fftMag_psySharpness_sma_de_peakMeanMeanDist;pcm_fftMag_psySharpness_sma_de_peakMeanRel;pcm_fftMag_psySharpness_sma_de_minRangeRel;pcm_fftMag_psySharpness_sma_de_meanRisingSlope;pcm_fftMag_psySharpness_sma_de_stddevRisingSlope;pcm_fftMag_psySharpness_sma_de_meanFallingSlope;pcm_fftMag_psySharpness_sma_de_stddevFallingSlope;pcm_fftMag_spectralHarmonicity_sma_de_flatness;pcm_fftMag_spectralHarmonicity_sma_de_posamean;pcm_fftMag_spectralHarmonicity_sma_de_rqmean;pcm_fftMag_spectralHarmonicity_sma_de_meanPeakDist;pcm_fftMag_spectralHarmonicity_sma_de_peakDistStddev;pcm_fftMag_spectralHarmonicity_sma_de_peakRangeAbs;pcm_fftMag_spectralHarmonicity_sma_de_peakRangeRel;pcm_fftMag_spectralHarmonicity_sma_de_peakMeanAbs;pcm_fftMag_spectralHarmonicity_sma_de_peakMeanMeanDist;pcm_fftMag_spectralHarmonicity_sma_de_peakMeanRel;pcm_fftMag_spectralHarmonicity_sma_de_minRangeRel;pcm_fftMag_spectralHarmonicity_sma_de_meanRisingSlope;pcm_fftMag_spectralHarmonicity_sma_de_stddevRisingSlope;pcm_fftMag_spectralHarmonicity_sma_de_meanFallingSlope;pcm_fftMag_spectralHarmonicity_sma_de_stddevFallingSlope;mfcc_sma_de[1]_flatness;mfcc_sma_de[1]_posamean;mfcc_sma_de[1]_rqmean;mfcc_sma_de[1]_meanPeakDist;mfcc_sma_de[1]_peakDistStddev;mfcc_sma_de[1]_peakRangeAbs;mfcc_sma_de[1]_peakRangeRel;mfcc_sma_de[1]_peakMeanAbs;mfcc_sma_de[1]_peakMeanMeanDist;mfcc_sma_de[1]_peakMeanRel;mfcc_sma_de[1]_minRangeRel;mfcc_sma_de[1]_meanRisingSlope;mfcc_sma_de[1]_stddevRisingSlope;mfcc_sma_de[1]_meanFallingSlope;mfcc_sma_de[1]_stddevFallingSlope;mfcc_sma_de[2]_flatness;mfcc_sma_de[2]_posamean;mfcc_sma_de[2]_rqmean;mfcc_sma_de[2]_meanPeakDist;mfcc_sma_de[2]_peakDistStddev;mfcc_sma_de[2]_peakRangeAbs;mfcc_sma_de[2]_peakRangeRel;mfcc_sma_de[2]_peakMeanAbs;mfcc_sma_de[2]_peakMeanMeanDist;mfcc_sma_de[2]_peakMeanRel;mfcc_sma_de[2]_minRangeRel;mfcc_sma_de[2]_meanRisingSlope;mfcc_sma_de[2]_stddevRisingSlope;mfcc_sma_de[2]_meanFallingSlope;mfcc_sma_de[2]_stddevFallingSlope;mfcc_sma_de[3]_flatness;mfcc_sma_de[3]_posamean;mfcc_sma_de[3]_rqmean;mfcc_sma_de[3]_meanPeakDist;mfcc_sma_de[3]_peakDistStddev;mfcc_sma_de[3]_peakRangeAbs;mfcc_sma_de[3]_peakRangeRel;mfcc_sma_de[3]_peakMeanAbs;mfcc_sma_de[3]_peakMeanMeanDist;mfcc_sma_de[3]_peakMeanRel;mfcc_sma_de[3]_minRangeRel;mfcc_sma_de[3]_meanRisingSlope;mfcc_sma_de[3]_stddevRisingSlope;mfcc_sma_de[3]_meanFallingSlope;mfcc_sma_de[3]_stddevFallingSlope;mfcc_sma_de[4]_flatness;mfcc_sma_de[4]_posamean;mfcc_sma_de[4]_rqmean;mfcc_sma_de[4]_meanPeakDist;mfcc_sma_de[4]_peakDistStddev;mfcc_sma_de[4]_peakRangeAbs;mfcc_sma_de[4]_peakRangeRel;mfcc_sma_de[4]_peakMeanAbs;mfcc_sma_de[4]_peakMeanMeanDist;mfcc_sma_de[4]_peakMeanRel;mfcc_sma_de[4]_minRangeRel;mfcc_sma_de[4]_meanRisingSlope;mfcc_sma_de[4]_stddevRisingSlope;mfcc_sma_de[4]_meanFallingSlope;mfcc_sma_de[4]_stddevFallingSlope;mfcc_sma_de[5]_flatness;mfcc_sma_de[5]_posamean;mfcc_sma_de[5]_rqmean;mfcc_sma_de[5]_meanPeakDist;mfcc_sma_de[5]_peakDistStddev;mfcc_sma_de[5]_peakRangeAbs;mfcc_sma_de[5]_peakRangeRel;mfcc_sma_de[5]_peakMeanAbs;mfcc_sma_de[5]_peakMeanMeanDist;mfcc_sma_de[5]_peakMeanRel;mfcc_sma_de[5]_minRangeRel;mfcc_sma_de[5]_meanRisingSlope;mfcc_sma_de[5]_stddevRisingSlope;mfcc_sma_de[5]_meanFallingSlope;mfcc_sma_de[5]_stddevFallingSlope;mfcc_sma_de[6]_flatness;mfcc_sma_de[6]_posamean;mfcc_sma_de[6]_rqmean;mfcc_sma_de[6]_meanPeakDist;mfcc_sma_de[6]_peakDistStddev;mfcc_sma_de[6]_peakRangeAbs;mfcc_sma_de[6]_peakRangeRel;mfcc_sma_de[6]_peakMeanAbs;mfcc_sma_de[6]_peakMeanMeanDist;mfcc_sma_de[6]_peakMeanRel;mfcc_sma_de[6]_minRangeRel;mfcc_sma_de[6]_meanRisingSlope;mfcc_sma_de[6]_stddevRisingSlope;mfcc_sma_de[6]_meanFallingSlope;mfcc_sma_de[6]_stddevFallingSlope;mfcc_sma_de[7]_flatness;mfcc_sma_de[7]_posamean;mfcc_sma_de[7]_rqmean;mfcc_sma_de[7]_meanPeakDist;mfcc_sma_de[7]_peakDistStddev;mfcc_sma_de[7]_peakRangeAbs;mfcc_sma_de[7]_peakRangeRel;mfcc_sma_de[7]_peakMeanAbs;mfcc_sma_de[7]_peakMeanMeanDist;mfcc_sma_de[7]_peakMeanRel;mfcc_sma_de[7]_minRangeRel;mfcc_sma_de[7]_meanRisingSlope;mfcc_sma_de[7]_stddevRisingSlope;mfcc_sma_de[7]_meanFallingSlope;mfcc_sma_de[7]_stddevFallingSlope;mfcc_sma_de[8]_flatness;mfcc_sma_de[8]_posamean;mfcc_sma_de[8]_rqmean;mfcc_sma_de[8]_meanPeakDist;mfcc_sma_de[8]_peakDistStddev;mfcc_sma_de[8]_peakRangeAbs;mfcc_sma_de[8]_peakRangeRel;mfcc_sma_de[8]_peakMeanAbs;mfcc_sma_de[8]_peakMeanMeanDist;mfcc_sma_de[8]_peakMeanRel;mfcc_sma_de[8]_minRangeRel;mfcc_sma_de[8]_meanRisingSlope;mfcc_sma_de[8]_stddevRisingSlope;mfcc_sma_de[8]_meanFallingSlope;mfcc_sma_de[8]_stddevFallingSlope;mfcc_sma_de[9]_flatness;mfcc_sma_de[9]_posamean;mfcc_sma_de[9]_rqmean;mfcc_sma_de[9]_meanPeakDist;mfcc_sma_de[9]_peakDistStddev;mfcc_sma_de[9]_peakRangeAbs;mfcc_sma_de[9]_peakRangeRel;mfcc_sma_de[9]_peakMeanAbs;mfcc_sma_de[9]_peakMeanMeanDist;mfcc_sma_de[9]_peakMeanRel;mfcc_sma_de[9]_minRangeRel;mfcc_sma_de[9]_meanRisingSlope;mfcc_sma_de[9]_stddevRisingSlope;mfcc_sma_de[9]_meanFallingSlope;mfcc_sma_de[9]_stddevFallingSlope;mfcc_sma_de[10]_flatness;mfcc_sma_de[10]_posamean;mfcc_sma_de[10]_rqmean;mfcc_sma_de[10]_meanPeakDist;mfcc_sma_de[10]_peakDistStddev;mfcc_sma_de[10]_peakRangeAbs;mfcc_sma_de[10]_peakRangeRel;mfcc_sma_de[10]_peakMeanAbs;mfcc_sma_de[10]_peakMeanMeanDist;mfcc_sma_de[10]_peakMeanRel;mfcc_sma_de[10]_minRangeRel;mfcc_sma_de[10]_meanRisingSlope;mfcc_sma_de[10]_stddevRisingSlope;mfcc_sma_de[10]_meanFallingSlope;mfcc_sma_de[10]_stddevFallingSlope;mfcc_sma_de[11]_flatness;mfcc_sma_de[11]_posamean;mfcc_sma_de[11]_rqmean;mfcc_sma_de[11]_meanPeakDist;mfcc_sma_de[11]_peakDistStddev;mfcc_sma_de[11]_peakRangeAbs;mfcc_sma_de[11]_peakRangeRel;mfcc_sma_de[11]_peakMeanAbs;mfcc_sma_de[11]_peakMeanMeanDist;mfcc_sma_de[11]_peakMeanRel;mfcc_sma_de[11]_minRangeRel;mfcc_sma_de[11]_meanRisingSlope;mfcc_sma_de[11]_stddevRisingSlope;mfcc_sma_de[11]_meanFallingSlope;mfcc_sma_de[11]_stddevFallingSlope;mfcc_sma_de[12]_flatness;mfcc_sma_de[12]_posamean;mfcc_sma_de[12]_rqmean;mfcc_sma_de[12]_meanPeakDist;mfcc_sma_de[12]_peakDistStddev;mfcc_sma_de[12]_peakRangeAbs;mfcc_sma_de[12]_peakRangeRel;mfcc_sma_de[12]_peakMeanAbs;mfcc_sma_de[12]_peakMeanMeanDist;mfcc_sma_de[12]_peakMeanRel;mfcc_sma_de[12]_minRangeRel;mfcc_sma_de[12]_meanRisingSlope;mfcc_sma_de[12]_stddevRisingSlope;mfcc_sma_de[12]_meanFallingSlope;mfcc_sma_de[12]_stddevFallingSlope;mfcc_sma_de[13]_flatness;mfcc_sma_de[13]_posamean;mfcc_sma_de[13]_rqmean;mfcc_sma_de[13]_meanPeakDist;mfcc_sma_de[13]_peakDistStddev;mfcc_sma_de[13]_peakRangeAbs;mfcc_sma_de[13]_peakRangeRel;mfcc_sma_de[13]_peakMeanAbs;mfcc_sma_de[13]_peakMeanMeanDist;mfcc_sma_de[13]_peakMeanRel;mfcc_sma_de[13]_minRangeRel;mfcc_sma_de[13]_meanRisingSlope;mfcc_sma_de[13]_stddevRisingSlope;mfcc_sma_de[13]_meanFallingSlope;mfcc_sma_de[13]_stddevFallingSlope;mfcc_sma_de[14]_flatness;mfcc_sma_de[14]_posamean;mfcc_sma_de[14]_rqmean;mfcc_sma_de[14]_meanPeakDist;mfcc_sma_de[14]_peakDistStddev;mfcc_sma_de[14]_peakRangeAbs;mfcc_sma_de[14]_peakRangeRel;mfcc_sma_de[14]_peakMeanAbs;mfcc_sma_de[14]_peakMeanMeanDist;mfcc_sma_de[14]_peakMeanRel;mfcc_sma_de[14]_minRangeRel;mfcc_sma_de[14]_meanRisingSlope;mfcc_sma_de[14]_stddevRisingSlope;mfcc_sma_de[14]_meanFallingSlope;mfcc_sma_de[14]_stddevFallingSlope
'unknown';0.000000;1.831195e+000;1.102514e-001;8.123791e-002;1.969318e-001;4.664213e-001;7.742217e-001;2.694895e-001;3.078004e-001;5.772899e-001;9.012479e-002;1.656803e+000;1.566678e+000;3.753545e-001;8.798930e-001;3.463831e+000;1.995652e-001;5.600000e-001;6.000000e-002;1.527282e-001;4.216634e-001;1.121857e-001;1.740812e-002;7.736944e-003;4.651163e-001;5.398058e-001;5.501662e-003;-1.551124e+000;4.025303e-001;3.576850e-001;-1.776047e-001;-1.771682e-002;9.714164e+000;1.102514e-001;2.843327e-001;7.394417e-001;1.063768e+000;1.492924e+000;3.243263e-001;4.291558e-001;7.534822e-001;3.577746e-001;6.082208e+000;5.724433e+000;9.813692e-001;5.188350e+000;4.014577e+001;8.533334e-001;1.930000e+000;6.000000e-002;7.892753e-001;2.321083e-002;1.353965e-002;7.736944e-003;3.868472e-003;5.000000e-001;5.883495e-001;1.994858e-002;-2.062973e+000;1.249335e+000;1.034414e-001;-3.496619e-001;7.418516e-002;3.970361e-001;4.874275e-001;6.963249e-002;1.772361e-002;1.391418e-001;2.293854e-001;1.214182e-001;9.024367e-002;2.116618e-001;4.627073e-003;3.235615e-001;3.189344e-001;1.071245e-001;1.496168e-001;1.577393e+000;1.739286e-001;5.700000e-001;5.000000e-002;1.355502e-001;5.647969e-001;3.404255e-001;4.642166e-002;3.868472e-003;3.992248e-001;5.165049e-001;1.360512e-004;-2.322465e+000;2.014762e+000;-6.475248e-001;-1.650212e-001;1.293763e-001;4.826389e-001;8.239845e-001;8.994197e-001;5.624999e-002;7.638889e-002;1.083333e-001;2.013889e-002;3.194444e-002;5.208333e-002;4.375000e-002;4.496667e-001;4.059167e-001;7.809006e-002;2.989554e+000;1.325757e+001;3.608333e-001;1.680000e+000;5.000000e-002;4.830538e-001;1.083172e-001;4.255319e-002;1.740812e-002;9.671180e-003;4.728682e-001;5.009709e-001;1.366637e-004;-1.663947e+000;4.364363e-001;3.256822e-001;8.802460e-002;-1.729365e-001;6.682011e-001;1.025145e-001;1.199226e-001;-2.677988e-002;-9.481646e-004;2.544970e-002;2.583172e-002;2.639786e-002;5.222958e-002;-1.956616e-001;2.219259e-001;4.175875e-001;7.370815e-002;7.496388e-001;8.254532e+000;2.914286e-001;7.200000e-001;5.000000e-002;2.341201e-001;9.168279e-001;8.317215e-002;7.736944e-003;3.868472e-003;5.542636e-001;5.281553e-001;4.059776e-004;-1.789570e+000;1.160747e+000;4.102192e-002;-5.076765e-001;2.946562e-001;3.469427e+000;1.063830e-001;1.160542e-001;-6.390855e-002;3.745395e-003;5.754502e-002;6.765395e-002;5.379962e-002;1.214536e-001;-7.116601e-001;5.373352e-001;1.248995e+000;2.372653e-001;2.274839e+000;3.507452e+001;2.300000e-001;5.700000e-001;5.000000e-002;2.405549e-001;9.825919e-001;1.740812e-002;5.802708e-003;3.868472e-003;5.891473e-001;5.281553e-001;2.955403e-003;-1.874613e+000;1.188249e+000;6.156328e-002;-3.977257e-001;1.767388e-001;1.298149e-001;4.835590e-001;2.707931e-001;-9.260133e-003;-7.173178e-004;3.582522e-003;8.542815e-003;4.299840e-003;1.284266e-002;-4.570650e-002;6.471168e-002;1.104182e-001;2.024022e-002;9.482296e-001;5.365437e+000;1.796296e-001;6.000000e-001;5.000000e-002;1.665440e-001;8.916828e-001;1.663443e-001;5.222437e-002;1.353965e-002;5.406977e-001;5.184466e-001;1.210432e-005;-2.399550e+000;2.496100e+000;-1.168953e+000;4.524757e-002;1.515784e-001;1.425695e-001;8.143134e-001;8.336557e-001;-3.819443e-003;2.083309e-004;4.236110e-003;4.027774e-003;4.027779e-003;8.055552e-003;-5.356666e-002;5.853334e-002;1.121000e-001;1.550114e-002;1.159984e-001;1.044202e+001;5.475000e-001;1.700000e+000;5.000000e-002;6.520305e-001;9.671180e-001;3.578337e-001;2.514507e-002;1.160542e-002;5.581396e-001;4.504854e-001;2.265663e-006;-2.448409e+000;2.080730e+000;-2.779416e-001;-5.489189e-001;2.560787e-001;1.803049e-001;5.527831e-001;5.182342e-001;7.542372e-002;9.751149e-002;1.281945e-001;2.208778e-002;3.068297e-002;5.277075e-002;4.843061e-002;2.073452e-001;1.589146e-001;3.816522e-002;6.963547e-001;2.851138e+000;1.228571e-001;2.800000e-001;5.000000e-002;6.800859e-002;5.585412e-001;2.015355e-001;4.222649e-002;9.596929e-003;4.750000e-001;5.125241e-001;1.197356e-004;-1.564301e+000;5.635202e-001;1.584537e-001;-1.299664e-001;-1.950140e-002;1.126694e+000;7.178503e-001;1.689059e-001;9.920681e-002;2.187137e-001;3.668492e-001;1.195069e-001;1.481355e-001;2.676424e-001;4.529255e-002;1.066303e+000;1.021011e+000;2.257747e-001;1.592645e+000;5.490211e+000;1.982609e-001;5.700000e-001;5.000000e-002;1.274721e-001;2.975048e-001;9.213052e-002;2.879079e-002;1.151631e-002;4.250000e-001;5.549133e-001;6.930649e-004;-2.167344e+000;1.493101e+000;-4.905384e-002;-4.208310e-001;1.554713e-001;4.405580e+000;1.094050e-001;6.833013e-001;1.538944e-001;3.495332e-001;5.249296e-001;1.956387e-001;1.753964e-001;3.710352e-001;6.166315e-002;2.837133e+000;2.775470e+000;5.164117e-001;3.778024e+000;2.277841e+001;5.525000e-001;2.170000e+000;5.000000e-002;6.701072e-001;6.525911e-002;1.727447e-002;7.677543e-003;5.758157e-003;4.019231e-001;5.606936e-001;2.806654e-003;-2.455580e+000;2.275338e+000;-8.039078e-001;-1.351181e-001;1.341393e-001;6.171980e+000;1.074856e-001;4.395393e-001;2.395677e-001;4.294402e-001;7.223279e-001;1.898725e-001;2.928877e-001;4.827602e-001;8.626741e-002;3.708247e+000;3.621979e+000;6.866481e-001;4.432686e+000;3.034310e+001;6.350000e-001;2.150000e+000;6.000000e-002;7.461401e-001;4.798464e-002;1.535509e-002;7.677543e-003;3.838771e-003;3.807692e-001;5.684008e-001;5.055317e-003;-2.433844e+000;2.172350e+000;-6.340125e-001;-2.506366e-001;1.616884e-001;4.023390e+000;1.074856e-001;4.395393e-001;3.390585e-001;5.345765e-001;8.623953e-001;1.955180e-001;3.278188e-001;5.233368e-001;1.505574e-001;2.834041e+000;2.683483e+000;5.293197e-001;2.548996e+000;1.321077e+001;2.483333e-001;7.200000e-001;5.000000e-002;2.271135e-001;1.593090e-001;2.303263e-002;7.677543e-003;5.758157e-003;4.384615e-001;5.761079e-001;5.631268e-003;-2.125919e+000;1.481146e+000;-8.422481e-002;-4.071202e-001;1.486655e-001;1.040426e+001;1.094050e-001;6.756238e-001;3.466276e-001;6.172454e-001;1.029805e+000;2.706178e-001;4.125599e-001;6.831777e-001;1.859162e-001;6.006176e+000;5.820260e+000;1.063750e+000;5.384476e+000;4.069973e+001;7.400000e-001;2.280000e+000;5.000000e-002;9.136465e-001;2.687140e-002;1.343570e-002;7.677543e-003;3.838771e-003;4.326923e-001;5.915222e-001;1.463476e-002;-2.438178e+000;2.248035e+000;-7.838100e-001;-1.443656e-001;1.386244e-001;1.163342e+001;1.094050e-001;4.299424e-001;4.147128e-001;7.216318e-001;1.131699e+000;3.069190e-001;4.100672e-001;7.169862e-001;1.924544e-001;6.263529e+000;6.071075e+000;1.151744e+000;5.467519e+000;4.245364e+001;5.940000e-001;2.090000e+000;5.000000e-002;7.713521e-001;3.454895e-002;1.151631e-002;7.677543e-003;3.838771e-003;4.807692e-001;5.857418e-001;2.140006e-002;-2.440784e+000;2.307307e+000;-8.975170e-001;-5.377612e-002;1.075459e-001;8.947508e+000;1.094050e-001;2.476008e-001;4.520367e-001;7.679217e-001;1.206481e+000;3.158850e-001;4.385595e-001;7.544445e-001;2.169882e-001;6.111174e+000;5.894186e+000;1.133204e+000;3.622318e+000;1.975922e+001;5.075000e-001;2.070000e+000;5.000000e-002;6.602415e-001;7.293666e-002;2.303263e-002;9.596929e-003;3.838771e-003;4.769231e-001;5.645472e-001;2.124700e-002;-2.175612e+000;1.561715e+000;-1.507814e-001;-3.641938e-001;1.476398e-001;1.407830e+001;1.094050e-001;2.495202e-001;5.330884e-001;7.803558e-001;1.235914e+000;2.472674e-001;4.555584e-001;7.028257e-001;2.361606e-001;7.876101e+000;7.639940e+000;1.383284e+000;5.553818e+000;4.343182e+001;7.700000e-001;2.380000e+000;6.000000e-002;9.521292e-001;3.454895e-002;1.151631e-002;7.677543e-003;3.838771e-003;4.807692e-001;5.895954e-001;3.382964e-002;-2.293690e+000;1.914153e+000;-4.821481e-001;-2.780402e-001;1.634430e-001;1.124855e+001;1.094050e-001;4.222649e-001;5.652961e-001;8.417263e-001;1.364808e+000;2.764302e-001;5.230818e-001;7.995120e-001;2.565453e-001;7.975225e+000;7.718679e+000;1.275273e+000;4.625474e+000;3.161096e+001;5.250000e-001;2.130000e+000;7.000000e-002;7.384161e-001;4.990403e-002;1.535509e-002;9.596929e-003;5.758157e-003;5.134615e-001;5.876686e-001;2.855344e-002;-2.140322e+000;1.481464e+000;-1.148808e-001;-3.283755e-001;1.221049e-001;2.038807e+001;1.094050e-001;2.802303e-001;6.222192e-001;9.085467e-001;1.437799e+000;2.863275e-001;5.292526e-001;8.155801e-001;2.539978e-001;1.115624e+001;1.090224e+001;1.936198e+000;6.572923e+000;5.508622e+001;1.046667e+000;2.510000e+000;6.000000e-002;1.055472e+000;2.111324e-002;1.151631e-002;7.677543e-003;3.838771e-003;5.403846e-001;5.703276e-001;5.774800e-002;-2.346850e+000;2.017415e+000;-5.719120e-001;-2.094038e-001;1.381365e-001;1.413064e+001;1.094050e-001;4.318618e-001;6.625934e-001;9.844052e-001;1.477936e+000;3.218118e-001;4.935306e-001;8.153424e-001;3.135327e-001;8.293645e+000;7.980112e+000;1.437218e+000;5.410836e+000;4.119711e+001;7.925000e-001;2.330000e+000;6.000000e-002;9.068179e-001;3.454895e-002;1.343570e-002;7.677543e-003;3.838771e-003;5.019231e-001;5.818883e-001;4.443711e-002;-2.177899e+000;1.615479e+000;-2.266131e-001;-3.200809e-001;1.323439e-001;1.782050e+001;1.094050e-001;2.802303e-001;6.771190e-001;1.034048e+000;1.482473e+000;3.569288e-001;4.484248e-001;8.053536e-001;3.052950e-001;9.598100e+000;9.292805e+000;1.653472e+000;6.673083e+000;5.788592e+001;3.150000e-001;5.700000e-001;6.000000e-002;2.550000e-001;1.727447e-002;1.151631e-002;7.677543e-003;3.838771e-003;4.846154e-001;5.703276e-001;5.633369e-002;-2.214083e+000;1.685286e+000;-2.595733e-001;-3.195981e-001;1.335404e-001;1.571468e+001;1.113244e-001;6.602687e-001;7.655661e-001;1.056788e+000;1.580215e+000;2.912219e-001;5.234271e-001;8.146490e-001;2.961489e-001;1.014074e+001;9.844587e+000;1.617427e+000;5.848663e+000;4.533371e+001;6.220000e-001;1.220000e+000;5.000000e-002;5.150301e-001;3.262956e-002;1.343570e-002;9.596929e-003;5.758157e-003;5.076923e-001;5.549133e-001;5.444889e-002;-2.056153e+000;1.299684e+000;-1.875110e-002;-2.665060e-001;6.442592e-002;1.642480e+001;1.113244e-001;6.775432e-001;7.663813e-001;1.069309e+000;1.623358e+000;3.029276e-001;5.540490e-001;8.569766e-001;3.399577e-001;1.111045e+001;1.077049e+001;1.714947e+000;5.866704e+000;4.497455e+001;3.200000e-001;5.700000e-001;7.000000e-002;2.500000e-001;2.111324e-002;1.535509e-002;9.596929e-003;5.758157e-003;4.961538e-001;5.780347e-001;5.668367e-002;-2.095627e+000;1.402643e+000;-1.166560e-001;-2.448798e-001;7.802220e-002;1.932000e+001;1.113244e-001;4.184261e-001;7.532957e-001;1.096213e+000;1.674406e+000;3.429168e-001;5.781935e-001;9.211104e-001;3.647550e-001;1.154651e+001;1.118175e+001;1.926266e+000;6.446703e+000;5.282273e+001;1.046667e+000;2.510000e+000;6.000000e-002;1.055472e+000;2.303263e-002;1.343570e-002;7.677543e-003;3.838771e-003;5.403846e-001;5.857418e-001;6.876453e-002;-2.161716e+000;1.531602e+000;-1.703394e-001;-2.562197e-001;8.143850e-002;1.468403e+001;1.094050e-001;2.821497e-001;7.845758e-001;1.180884e+000;1.763838e+000;3.963086e-001;5.829538e-001;9.792624e-001;4.281121e-001;8.626285e+000;8.198173e+000;1.456431e+000;5.429125e+000;4.292844e+001;1.060000e+000;2.550000e+000;6.000000e-002;1.073965e+000;2.111324e-002;1.151631e-002;7.677543e-003;5.758157e-003;5.461538e-001;5.857418e-001;6.999225e-002;-2.018255e+000;1.306617e+000;-9.912170e-002;-2.104204e-001;4.673017e-002;1.057462e+001;1.094050e-001;4.107486e-001;8.396485e-001;1.215472e+000;1.844929e+000;3.758234e-001;6.294569e-001;1.005280e+000;4.257662e-001;6.266383e+000;5.840617e+000;1.146215e+000;3.964407e+000;2.672558e+001;5.788889e-001;1.490000e+000;5.000000e-002;4.709905e-001;5.566219e-002;1.151631e-002;5.758157e-003;3.838771e-003;5.250000e-001;5.587668e-001;5.485911e-002;-1.965147e+000;1.215251e+000;-3.336364e-002;-2.626746e-001;6.793789e-002;7.444187e+000;2.341651e-001;2.821497e-001;8.765469e-001;1.188789e+000;1.919467e+000;3.122424e-001;7.306777e-001;1.042920e+000;4.319246e-001;6.664333e+000;6.232409e+000;1.150210e+000;2.499073e+000;1.100337e+001;1.925926e-001;7.100000e-001;5.000000e-002;1.722744e-001;1.746641e-001;4.222649e-002;1.343570e-002;9.596929e-003;5.288461e-001;5.895954e-001;5.986367e-002;-1.954173e+000;1.201259e+000;-2.110587e-002;-2.802567e-001;7.626636e-002;7.677168e+000;1.094050e-001;2.821497e-001;8.554302e-001;1.251263e+000;1.904130e+000;3.958328e-001;6.528670e-001;1.048700e+000;4.725803e-001;5.881926e+000;5.409345e+000;1.213951e+000;2.026149e+000;7.707304e+000;1.857143e-001;8.600000e-001;5.000000e-002;1.849214e-001;2.034549e-001;5.758157e-002;7.677543e-003;5.758157e-003;5.346154e-001;6.011561e-001;9.108762e-002;-1.842456e+000;1.061780e+000;-5.339467e-002;-1.883633e-001;5.011965e-002;8.108993e+000;1.094050e-001;2.821497e-001;8.719170e-001;1.329397e+000;2.067185e+000;4.574801e-001;7.377876e-001;1.195268e+000;4.517366e-001;7.398591e+000;6.946855e+000;1.338333e+000;2.216516e+000;8.911710e+000;2.166667e-001;8.400000e-001;5.000000e-002;1.943507e-001;1.861804e-001;4.798464e-002;1.919386e-002;3.838771e-003;5.115384e-001;6.030828e-001;8.156884e-002;-1.900873e+000;1.124480e+000;-6.764429e-002;-1.645828e-001;3.243496e-002;8.556694e+000;1.113244e-001;2.821497e-001;8.880792e-001;1.334238e+000;2.152106e+000;4.461588e-001;8.178680e-001;1.264027e+000;4.827445e-001;8.011514e+000;7.528769e+000;1.385082e+000;2.350815e+000;1.002874e+001;2.080000e-001;8.400000e-001;5.000000e-002;1.909974e-001;1.996161e-001;4.414587e-002;1.919386e-002;1.151631e-002;5.288461e-001;5.818883e-001;7.964054e-002;-1.921625e+000;1.155576e+000;-6.324721e-002;-2.041916e-001;5.642707e-002;6.926579e+000;1.113244e-001;2.821497e-001;9.560822e-001;1.410039e+000;2.108452e+000;4.539564e-001;6.984137e-001;1.152370e+000;5.478256e-001;6.470667e+000;5.922842e+000;1.094564e+000;2.248882e+000;9.740677e+000;2.000000e-001;4.900000e-001;5.000000e-002;1.287514e-001;2.303263e-001;3.838772e-002;1.919386e-002;7.677543e-003;4.961538e-001;5.799615e-001;9.594233e-002;-1.673739e+000;7.877830e-001;5.923624e-002;-2.016263e-001;5.332737e-002;6.647588e+000;1.823417e-001;6.794626e-001;1.036960e+000;1.345667e+000;2.009337e+000;3.087076e-001;6.636693e-001;9.723769e-001;5.843992e-001;6.251478e+000;5.667078e+000;1.056198e+000;2.230038e+000;9.345210e+000;2.080000e-001;5.500000e-001;5.000000e-002;1.487548e-001;2.072937e-001;4.606526e-002;1.727447e-002;7.677543e-003;5.384616e-001;5.857418e-001;8.925616e-002;-1.619213e+000;6.686186e-001;9.536282e-002;-1.240613e-001;2.094620e-003;7.102144e+000;1.804223e-001;6.794626e-001;1.019848e+000;1.373047e+000;2.093416e+000;3.531986e-001;7.203697e-001;1.073568e+000;4.881948e-001;5.976190e+000;5.487995e+000;1.137361e+000;1.964627e+000;7.640630e+000;2.000000e-001;8.400000e-001;5.000000e-002;1.961161e-001;2.188100e-001;5.758157e-002;1.343570e-002;5.758157e-003;4.923077e-001;5.761079e-001;7.518288e-002;-1.754817e+000;8.492710e-001;9.157739e-002;-1.763410e-001;1.005289e-002;7.901485e+000;1.094050e-001;6.890595e-001;1.076721e+000;1.438966e+000;2.186220e+000;3.622452e-001;7.472540e-001;1.109499e+000;3.931262e-001;5.486971e+000;5.093845e+000;1.087664e+000;1.997773e+000;9.443493e+000;2.260870e-001;8.200000e-001;5.000000e-002;2.275529e-001;2.072937e-001;3.071017e-002;7.677543e-003;5.758157e-003;4.711539e-001;5.472062e-001;5.822140e-002;-1.811648e+000;9.401002e-001;8.933118e-002;-2.292329e-001;2.699173e-002;5.602288e+000;1.880998e-001;7.869482e-002;3.344091e-003;1.411126e-001;1.023311e+000;1.377685e-001;8.821987e-001;1.019967e+000;9.018051e-005;4.448582e+000;4.448492e+000;1.015787e+000;2.033409e+000;7.190013e+000;1.604762e-001;5.900000e-001;5.000000e-002;1.378915e-001;1.785029e-001;4.990403e-002;1.535509e-002;3.838771e-003;3.884615e-001;5.568401e-001;3.428622e-002;-1.966141e+000;1.240871e+000;1.947984e-001;-7.664440e-001;3.319905e-001;1.449588e+000;1.094050e-001;9.577735e-001;2.754626e-004;4.131468e-003;2.571435e-002;3.856006e-003;2.158288e-002;2.543888e-002;5.778420e-005;8.019370e-001;8.018792e-001;1.465717e-001;6.636662e+000;5.490806e+001;1.733333e+000;4.570000e+000;6.000000e-002;2.016603e+000;1.919386e-002;1.151631e-002;7.677543e-003;3.838771e-003;4.884615e-001;5.741811e-001;1.014631e-003;-1.746698e+000;7.306471e-001;5.658156e-001;-7.502545e-001;2.810969e-001;2125;8.195778e-001;6.333973e-002;1.562500e+002;1.875000e+002;2.083333e+002;3.125000e+001;2.083333e+001;5.208333e+001;3.125000e+001;1.433333e+003;1.402083e+003;2.158678e+002;6.551041e+000;5.323027e+001;1.446667e+000;2.720000e+000;7.000000e-002;1.084323e+000;2.495201e-002;1.343570e-002;7.677543e-003;7.677543e-003;2.500000e-001;3.217726e-001;4.574660e+003;-1.422065e+000;2.257069e-001;6.701632e-001;-6.192844e-001;1.996395e-001;2.458333e+003;8.272552e-001;7.677543e-002;1.875000e+002;2.083333e+002;2.604167e+002;2.083333e+001;5.208333e+001;7.291666e+001;5.208333e+001;2.235417e+003;2.183333e+003;3.638524e+002;4.229817e+000;2.160213e+001;6.487500e-001;1.750000e+000;5.000000e-002;6.051329e-001;6.333973e-002;3.646833e-002;2.111324e-002;9.596929e-003;2.980769e-001;3.795761e-001;1.157232e+004;-1.653094e+000;7.726824e-001;3.223087e-001;-6.657151e-001;2.820942e-001;2.687500e+003;5.182342e-001;7.677543e-002;2.187500e+002;2.708333e+002;4.062500e+002;5.208334e+001;1.354167e+002;1.875000e+002;9.375000e+001;2.537500e+003;2.443750e+003;4.724028e+002;3.014719e+000;1.220791e+001;3.052941e-001;1.360000e+000;5.000000e-002;3.437872e-001;1.305182e-001;5.758157e-002;2.687140e-002;1.727447e-002;3.615385e-001;4.296724e-001;2.442603e+004;-1.513973e+000;5.097880e-001;3.660527e-001;-3.985735e-001;8.863178e-002;2.989583e+003;5.182342e-001;7.869482e-002;2.812500e+002;4.062500e+002;7.395833e+002;125;3.333333e+002;4.583333e+002;2.083333e+002;2750;2.541667e+003;6.143938e+002;2.100021e+000;6.781286e+000;2.162500e-001;8.600000e-001;5.000000e-002;2.220700e-001;2.092130e-001;9.404990e-002;4.606526e-002;7.677543e-003;4.000000e-001;4.489403e-001;3.694376e+004;-1.489590e+000;4.693110e-001;3.698043e-001;-4.322412e-001;1.226453e-001;1.332996e+000;1.535509e-001;0;7.566964e-002;2.347223e-001;4.304421e-001;1.590527e-001;1.957197e-001;3.547724e-001;1.854839e-002;1.127650e+000;1.109102e+000;2.542529e-001;1.204504e+000;4.504816e+000;1.265854e-001;5.600000e-001;5.000000e-002;9.621138e-002;3.723609e-001;7.677543e-002;1.919386e-002;3.838771e-003;4.480769e-001;5.298651e-001;9.163089e-003;-1.537580e+000;6.353487e-001;4.144147e-001;-7.060172e-001;2.412753e-001;2.056397e+003;8.214971e-001;7.677543e-002;2.139831e+002;2.665912e+002;3.709886e+002;5.260808e+001;1.043975e+002;1.570055e+002;1.404565e+002;1.942976e+003;1.802519e+003;3.196540e+002;3.432977e+000;1.599742e+001;3.992307e-001;1.400000e+000;5.000000e-002;4.789646e-001;9.596929e-002;4.798464e-002;2.111324e-002;1.151631e-002;4.980769e-001;5.414258e-001;7.436956e+003;-1.646276e+000;6.550379e-001;3.823391e-001;-5.441845e-001;1.877287e-001;3.856991e+000;5.182342e-001;3.301344e-001;2.350987e+000;2.999211e+000;3.681347e+000;6.482241e-001;6.821358e-001;1.330360e+000;1.935596e+000;5.310416e+000;3.374820e+000;8.400965e-001;6.217395e-001;2.835813e+000;1.514706e-001;4.900000e-001;5.000000e-002;1.033877e-001;5.547025e-001;1.842610e-001;4.030710e-002;9.596929e-003;5.250000e-001;5.105973e-001;1.095504e-001;-1.360868e+000;2.600721e-001;3.798893e-001;-2.711845e-001;-1.185153e-003;1.223385e+006;1.804223e-001;4.760077e-001;1.415204e+004;5.455433e+004;1.672513e+005;4.040229e+004;1.126970e+005;1.530993e+005;2.397259e+003;1.076301e+006;1.073904e+006;2.416835e+005;2.324174e+000;7.993861e+000;3.052941e-001;1.150000e+000;5.000000e-002;3.245108e-001;1.554703e-001;8.061420e-002;2.495201e-002;9.596929e-003;5.346154e-001;5.433526e-001;5430324736;-1.497774e+000;4.661267e-001;4.142904e-001;-4.126575e-001;9.120300e-002;2.409805e+001;3.109405e-001;8.195778e-001;3.177812e+000;5.539455e+000;1.094401e+001;2.361643e+000;5.404556e+000;7.766199e+000;-1.307974e+000;2.049150e+001;2.179947e+001;5.341751e+000;7.648327e-001;2.695831e+000;1.405405e-001;3.700000e-001;5.000000e-002;8.107207e-002;7.101728e-001;2.783110e-001;9.788868e-002;2.111324e-002;4.788462e-001;5.491329e-001;1.422627e+000;-1.603925e+000;5.116888e-001;5.594792e-001;-6.752963e-001;2.264864e-001;1.034514e+003;5.489444e-001;1.804223e-001;1.791232e+001;5.379060e+001;2.179956e+002;3.587828e+001;1.642050e+002;2.000832e+002;1.902087e+000;8.179391e+002;8.160370e+002;207;1.688737e+000;5.193001e+000;2.218182e-001;7.300000e-001;5.000000e-002;1.908268e-001;2.322457e-001;9.213052e-002;1.343570e-002;3.838771e-003;4.557692e-001;5.491329e-001;2.803076e+003;-1.586410e+000;4.989233e-001;6.116998e-001;-6.778061e-001;1.953038e-001;1.838579e+000;8.214971e-001;4.836852e-001;-5.530171e-001;-2.074882e-001;-1.618597e-003;3.455289e-001;2.058696e-001;5.513985e-001;-1.092663e+000;2.105501e-004;1.092873e+000;3.329302e-001;-9.293033e-001;3.340614e+000;1.784000e-001;5.800000e-001;5.000000e-002;1.369870e-001;9.961612e-001;9.462572e-001;6.890595e-001;4.721689e-001;5.884615e-001;4.431599e-001;3.444293e-003;-2.024036e+000;1.395865e+000;-2.400844e-002;-6.031989e-001;2.804945e-001;1.355191e+000;8.195778e-001;7.677543e-002;2.222319e-001;2.766440e-001;3.678774e-001;5.441210e-002;9.123343e-002;1.456455e-001;1.282665e-001;1.311291e+000;1.183024e+000;2.051969e-001;2.893284e+000;1.291647e+001;2.883333e-001;1.360000e+000;6.000000e-002;3.449517e-001;1.746641e-001;5.566219e-002;2.111324e-002;1.151631e-002;4.884615e-001;5.433526e-001;3.578366e-003;-1.605320e+000;6.062719e-001;3.634073e-001;-5.100500e-001;1.679373e-001;3.711089e+000;4.836852e-001;8.253359e-002;5.304791e-003;2.844459e-001;1.063969e+000;2.791411e-001;7.795231e-001;1.058664e+000;8.109178e-005;2.684797e+000;2.684716e+000;7.400668e-001;1.175127e+000;3.695289e+000;1.913043e-001;5.700000e-001;6.000000e-002;1.301606e-001;3.109405e-001;8.253359e-002;7.677543e-003;3.838771e-003;3.980769e-001;5.761079e-001;2.699179e-002;-1.767357e+000;8.527992e-001;4.151355e-001;-7.437642e-001;2.771753e-001;6.162992e+001;4.069098e-001;8.195778e-001;2.087966e+001;2.918135e+001;3.635109e+001;8.301685e+000;7.169744e+000;1.547143e+001;-7.115553e+000;4.665512e+001;5.377067e+001;1.166317e+001;-8.001903e-001;3.444607e+000;1.512500e-001;3.800000e-001;5.000000e-002;9.164299e-002;9.558541e-001;7.869482e-001;2.994242e-001;3.262956e-002;4.980769e-001;4.971098e-001;4.623255e+000;-1.704996e+000;6.308575e-001;4.881156e-001;-6.384928e-001;2.313973e-001;7.998125e+001;9.136276e-001;6.026871e-001;-5.610850e-001;6.472322e+000;1.761915e+001;7.033408e+000;1.114683e+001;1.818023e+001;-3.649558e+001;3.461088e+001;7.110646e+001;1.520655e+001;-6.536615e-001;3.397868e+000;1.876923e-001;7.100000e-001;5.000000e-002;1.621563e-001;9.347409e-001;7.351248e-001;2.015355e-001;1.535509e-002;4.923077e-001;5.048169e-001;6.052062e+000;-1.755170e+000;7.601857e-001;4.733676e-001;-7.690200e-001;3.284381e-001;7.583164e+001;8.119002e-001;1.554703e-001;6.046007e+000;1.506989e+001;2.190992e+001;9.023888e+000;6.840026e+000;1.586391e+001;-3.074291e+001;3.570085e+001;6.644376e+001;1.322102e+001;-8.400808e-001;3.818001e+000;1.888889e-001;7.400000e-001;5.000000e-002;1.683104e-001;9.827255e-001;7.927063e-001;2.763916e-001;2.495201e-002;5.269231e-001;5.086705e-001;1.100720e+001;-1.410218e+000;3.495790e-001;3.223616e-001;-3.087970e-001;7.289337e-002;7.107659e+001;1.266795e-001;3.819578e-001;-2.439007e+001;-1.383627e+001;-7.154928e+000;1.055380e+001;6.681342e+000;1.723514e+001;-5.336264e+001;4.857579e+000;5.822022e+001;1.321511e+001;-8.106093e-001;3.356330e+000;1.297500e-001;3.400000e-001;5.000000e-002;6.864719e-002;9.673705e-001;7.869482e-001;3.474088e-001;5.566219e-002;5.192308e-001;4.971098e-001;1.024060e+001;-1.624455e+000;5.092626e-001;6.606070e-001;-7.783532e-001;2.573558e-001;6.137251e+001;9.404990e-002;3.877159e-001;-1.294681e+001;-2.589549e+000;9.140258e+000;1.035726e+001;1.172981e+001;2.208707e+001;-2.625540e+001;2.588670e+001;5.214210e+001;1.337701e+001;1.375664e-001;2.053389e+000;1.265854e-001;3.900000e-001;5.000000e-002;8.621045e-002;8.099808e-001;4.491363e-001;1.132438e-001;1.343570e-002;5.057693e-001;4.971098e-001;1.129811e+001;-1.447632e+000;3.967722e-001;5.090257e-001;-5.363115e-001;1.263957e-001;7.181867e+001;2.303263e-002;4.049904e-001;-3.339305e+001;-2.385723e+001;-1.576675e+001;9.535826e+000;8.090472e+000;1.762630e+001;-5.875909e+001;3.866621e+000;6.262571e+001;1.366881e+001;-3.541532e-001;2.854302e+000;1.857143e-001;6.900000e-001;5.000000e-002;1.808201e-001;9.328215e-001;6.641075e-001;1.573896e-001;2.879079e-002;5.076923e-001;5.125241e-001;1.202906e+001;-1.565716e+000;4.655615e-001;6.578179e-001;-7.731707e-001;2.275974e-001;6.738435e+001;9.846449e-001;2.015355e-001;-1.665417e+001;-7.711127e+000;4.133086e+000;8.943041e+000;1.184421e+001;2.078725e+001;-3.873890e+001;2.072301e+001;5.946191e+001;1.397872e+001;-2.151570e-002;2.436610e+000;2.200000e-001;5.300000e-001;5.000000e-002;1.623201e-001;9.174664e-001;5.316699e-001;1.804223e-001;3.262956e-002;5.019231e-001;4.739884e-001;1.386157e+001;-1.428151e+000;4.075843e-001;4.285469e-001;-6.107455e-001;2.550353e-001;7.326141e+001;2.360844e-001;1.919386e-001;-2.157564e+001;-1.171502e+001;-4.609292e+000;9.860617e+000;7.105728e+000;1.696634e+001;-5.099431e+001;9.798559e+000;6.079287e+001;1.255978e+001;-7.308751e-001;3.670322e+000;1.488235e-001;8.100000e-001;5.000000e-002;1.488735e-001;9.731286e-001;7.946257e-001;2.975048e-001;3.838772e-002;5.076923e-001;5.067437e-001;1.525097e+001;-1.415590e+000;3.733502e-001;4.498829e-001;-5.274531e-001;1.529549e-001;7.028415e+001;9.213052e-002;3.224568e-001;-2.521998e+001;-1.228361e+001;1.172577e+000;1.293637e+001;1.345618e+001;2.639255e+001;-4.611141e+001;1.968726e+001;6.579868e+001;1.691259e+001;-1.879329e-003;2.111457e+000;1.720690e-001;5.300000e-001;5.000000e-002;1.154117e-001;8.349328e-001;5.220729e-001;2.188100e-001;5.950096e-002;4.961538e-001;5.298651e-001;1.402490e+001;-1.542999e+000;5.606197e-001;3.871806e-001;-5.523039e-001;1.738373e-001;5.880223e+001;8.195778e-001;1.266795e-001;-1.171155e+001;-5.376717e+000;-1.797560e-001;6.334836e+000;5.196961e+000;1.153180e+001;-2.576853e+001;1.677563e+001;4.254415e+001;8.970083e+000;2.059491e-001;3.250287e+000;2.300000e-001;7.600000e-001;5.000000e-002;2.269256e-001;8.618042e-001;2.629558e-001;1.535509e-002;1.919386e-003;5.057693e-001;5.028902e-001;1.251955e+001;-1.366460e+000;3.739921e-001;5.163204e-001;-6.436898e-001;2.083977e-001;6.247518e+001;5.297505e-001;6.103647e-001;-2.415344e+001;-1.572660e+001;-1.963718e+000;8.426839e+000;1.376288e+001;2.218972e+001;-3.779638e+001;1.632785e+001;5.412422e+001;1.391757e+001;4.288582e-001;2.262678e+000;1.360526e-001;4.500000e-001;5.000000e-002;8.734503e-002;7.619962e-001;3.243762e-001;1.132438e-001;1.535509e-002;4.961538e-001;5.125241e-001;1.388899e+001;-1.441685e+000;3.628551e-001;5.642373e-001;-6.339551e-001;1.754018e-001;5.579752e+001;1.708253e-001;2.034549e-001;-2.145551e+001;-1.335948e+001;-5.466810e+000;8.096028e+000;7.892669e+000;1.598870e+001;-3.267357e+001;1.448205e+001;4.715563e+001;1.088442e+001;3.141842e-001;2.579491e+000;1.416667e-001;5.700000e-001;5.000000e-002;1.308838e-001;8.119002e-001;3.877159e-001;7.677543e-002;1.343570e-002;5.019231e-001;5.048169e-001;1.142817e+001;-1.442903e+000;4.118590e-001;4.900661e-001;-7.057049e-001;2.796971e-001;9.244514e+001;1.669866e-001;3.704415e-001;-1.672448e+001;-8.613665e+000;1.831017e+000;8.110819e+000;1.044468e+001;1.855550e+001;-3.414598e+001;3.018734e+001;6.433333e+001;1.336888e+001;6.421332e-001;4.351836e+000;1.603571e-001;5.800000e-001;5.000000e-002;1.337504e-001;7.408829e-001;1.516315e-001;1.151631e-002;3.838771e-003;4.961538e-001;4.951831e-001;1.038082e+001;-1.534803e+000;4.890000e-001;5.404893e-001;-7.402771e-001;2.940801e-001;4.805911e+001;3.857965e-001;5.604606e-001;-1.353932e+001;-8.275264e+000;-8.222243e-001;5.264059e+000;7.453040e+000;1.271710e+001;-2.599995e+001;1.512563e+001;4.112557e+001;8.938888e+000;2.103712e-001;2.755658e+000;1.700000e-001;5.500000e-001;5.000000e-002;1.274828e-001;8.829175e-001;4.145873e-001;7.293666e-002;1.343570e-002;4.923077e-001;4.894027e-001;7.256205e+000;-1.496683e+000;4.722869e-001;5.897096e-001;-8.078402e-001;2.876553e-001;5.681815e-002;5.489444e-001;2.418426e-001;-5.901153e-003;-5.160749e-004;5.521509e-003;5.385078e-003;6.037584e-003;1.142266e-002;-1.939814e-002;2.214660e-002;4.154474e-002;8.921069e-003;3.633835e-001;3.437019e+000;2.438889e-001;5.300000e-001;5.000000e-002;1.622460e-001;9.078695e-001;3.512476e-001;4.798464e-002;5.758157e-003;5.269231e-001;5.144508e-001;4.459174e-006;-2.015264e+000;1.576385e+000;-2.468798e-001;-3.899554e-001;2.224867e-001;3.322574e-001;1.055662e-001;7.236084e-001;-2.208244e-002;-3.041233e-003;9.647369e-003;1.904120e-002;1.268860e-002;3.172981e-002;-7.648303e-002;2.016423e-001;2.781253e-001;4.550341e-002;2.050343e+000;1.029335e+001;1.294737e-001;3.200000e-001;5.000000e-002;7.953639e-002;6.717851e-001;5.950096e-002;2.303263e-002;1.151631e-002;5.653846e-001;5.183044e-001;3.153815e-005;-2.687888e+000;3.138782e+000;-1.838003e+000;4.285246e-001;3.681475e-002;1.454137e+000;1.055662e-001;1.132438e-001;-3.427213e-002;-5.543374e-003;9.002722e-003;2.872876e-002;1.454610e-002;4.327486e-002;-2.524636e-001;4.546765e-001;7.071401e-001;1.106589e-001;3.519560e+000;3.056143e+001;4.944444e-001;1.830000e+000;5.000000e-002;5.903128e-001;9.385797e-001;2.687140e-002;7.677543e-003;3.838771e-003;5.673077e-001;5.433526e-001;1.810527e-004;-2.795127e+000;3.528787e+000;-2.387182e+000;8.101051e-001;-7.271692e-002;2.154679e+000;1.036468e-001;1.132438e-001;-4.165838e-002;-9.495715e-003;1.378891e-002;3.216267e-002;2.328463e-002;5.544729e-002;-3.515670e-001;4.705200e-001;8.220869e-001;1.511567e-001;3.276574e+000;3.336082e+001;2.300000e-001;5.600000e-001;5.000000e-002;2.336664e-001;9.827255e-001;3.262956e-002;5.758157e-003;3.838771e-003;5.673077e-001;5.221580e-001;3.888814e-004;-2.618526e+000;2.953279e+000;-1.569070e+000;2.220449e-001;1.111904e-001;1.307052e+000;1.017274e-001;1.113244e-001;-5.233873e-002;-5.129224e-003;3.336898e-002;4.720950e-002;3.849821e-002;8.570771e-002;-2.321146e-001;3.235190e-001;5.556336e-001;1.158475e-001;2.467175e+000;1.942421e+001;1.561290e-001;5.500000e-001;5.000000e-002;1.223079e-001;7.811900e-001;2.111324e-002;5.758157e-003;3.838771e-003;5.634615e-001;5.240848e-001;4.708482e-004;-2.219474e+000;1.946934e+000;-4.570410e-001;-3.965984e-001;2.599048e-001;3.760129e+000;1.055662e-001;1.151631e-001;-6.623613e-002;-6.013542e-003;3.721559e-002;6.022259e-002;4.322913e-002;1.034517e-001;-7.911613e-001;5.539936e-001;1.345155e+000;2.509618e-001;3.405472e+000;4.227644e+001;5.980000e-001;1.730000e+000;1.300000e-001;5.886051e-001;9.654511e-001;9.596929e-003;5.758157e-003;3.838771e-003;6.000000e-001;5.221580e-001;1.319429e-003;-2.510568e+000;2.715717e+000;-1.335924e+000;9.609102e-002;1.537896e-001;4.440935e+000;1.055662e-001;1.151631e-001;-5.626858e-002;-9.636134e-004;3.395418e-002;5.530497e-002;3.491779e-002;9.022276e-002;-8.413787e-001;8.904943e-001;1.731873e+000;2.952095e-001;2.696556e+000;3.704173e+001;6.475000e-001;1.720000e+000;1.200000e-001;6.428598e-001;9.731286e-001;2.111324e-002;5.758157e-003;1.919386e-003;6.057692e-001;5.125241e-001;2.294316e-003;-2.379552e+000;2.392261e+000;-9.568192e-001;-1.331458e-001;2.198419e-001;2.964061e+000;1.055662e-001;1.209213e-001;-7.415040e-002;4.515603e-004;5.103837e-002;7.460196e-002;5.058680e-002;1.251888e-001;-7.481081e-001;7.264320e-001;1.474540e+000;2.505396e-001;2.175687e+000;2.135917e+001;2.760000e-001;9.800000e-001;5.000000e-002;2.626988e-001;8.790787e-001;2.111324e-002;5.758157e-003;3.838771e-003;5.634615e-001;5.260116e-001;2.281378e-003;-2.131639e+000;1.724153e+000;-2.814474e-001;-4.458506e-001;2.683391e-001;5.266599e+000;1.055662e-001;1.132438e-001;-5.947416e-002;2.163041e-003;5.082660e-002;6.163720e-002;4.866356e-002;1.103008e-001;-1.060199e+000;6.447135e-001;1.704913e+000;3.307202e-001;3.237406e+000;4.656947e+001;3.450000e-001;5.700000e-001;1.200000e-001;2.250000e-001;9.846449e-001;7.677543e-003;5.758157e-003;3.838771e-003;5.615385e-001;5.125241e-001;3.934995e-003;-2.204245e+000;1.955263e+000;-5.084603e-001;-3.635987e-001;2.699233e-001;4.127576e+000;1.055662e-001;1.190019e-001;-7.023299e-002;7.346568e-003;6.118750e-002;7.757957e-002;5.384093e-002;1.314205e-001;-8.401971e-001;6.487982e-001;1.488995e+000;2.874621e-001;2.039895e+000;3.102607e+001;2.333333e-001;5.700000e-001;5.000000e-002;2.383741e-001;9.827255e-001;2.111324e-002;5.758157e-003;3.838771e-003;5.846154e-001;4.951831e-001;2.888828e-003;-2.121488e+000;1.714686e+000;-3.130684e-001;-3.952674e-001;2.533444e-001;7.816586e+000;1.055662e-001;1.151631e-001;-6.819278e-002;6.273532e-003;8.080020e-002;7.446631e-002;7.452667e-002;1.489930e-001;-1.505475e+000;9.968275e-001;2.502303e+000;4.794792e-001;2.708285e+000;4.897329e+001;2.300000e-001;5.700000e-001;5.000000e-002;2.405549e-001;9.865643e-001;1.151631e-002;5.758157e-003;3.838771e-003;5.903846e-001;5.009634e-001;5.271292e-003;-2.411291e+000;2.442001e+000;-1.022428e+000;-7.728559e-002;1.980974e-001;5.230721e+000;1.055662e-001;1.151631e-001;-6.726982e-002;5.664444e-003;6.566862e-002;7.293427e-002;6.000417e-002;1.329384e-001;-1.056449e+000;1.007428e+000;2.063877e+000;3.532568e-001;2.142557e+000;3.492674e+001;2.175000e-001;5.700000e-001;5.000000e-002;2.094487e-001;9.827255e-001;1.919386e-002;5.758157e-003;3.838771e-003;5.615385e-001;5.009634e-001;5.432944e-003;-2.066540e+000;1.633612e+000;-2.440114e-001;-4.111829e-001;2.442679e-001;7.077257e+000;1.055662e-001;1.151631e-001;-7.306354e-002;1.776207e-003;7.281955e-002;7.483974e-002;7.104334e-002;1.458831e-001;-1.156365e+000;8.554937e-001;2.011858e+000;4.204123e-001;2.348681e+000;4.899228e+001;2.233333e-001;5.700000e-001;5.000000e-002;2.451303e-001;9.884837e-001;1.343570e-002;5.758157e-003;3.838771e-003;5.673077e-001;5.144508e-001;7.392524e-003;-2.073254e+000;1.637261e+000;-2.402852e-001;-4.005991e-001;2.328768e-001;5.842622e+000;1.055662e-001;1.170825e-001;-7.145154e-002;5.143738e-003;7.713191e-002;7.659528e-002;7.198817e-002;1.485834e-001;-1.167751e+000;7.764470e-001;1.944198e+000;3.787499e-001;1.879147e+000;3.905656e+001;2.300000e-001;5.700000e-001;5.000000e-002;2.405549e-001;9.884837e-001;1.919386e-002;5.758157e-003;3.838771e-003;5.500000e-001;5.202312e-001;6.032942e-003;-1.990565e+000;1.418231e+000;-1.242648e-001;-3.358522e-001;1.701055e-001;6.046397e+000;1.055662e-001;1.190019e-001;-7.904331e-002;2.834100e-003;7.516901e-002;8.187741e-002;7.233492e-002;1.542123e-001;-1.199681e+000;8.973293e-001;2.097011e+000;3.959970e-001;2.012965e+000;3.856202e+001;2.300000e-001;5.700000e-001;5.000000e-002;2.405549e-001;9.865643e-001;1.535509e-002;5.758157e-003;5.758157e-003;5.615385e-001;5.028902e-001;7.163787e-003;-1.948804e+000;1.363684e+000;-1.225069e-001;-3.303041e-001;1.832171e-001;7.354124e+000;1.055662e-001;1.170825e-001;-8.666324e-002;1.150322e-002;7.491085e-002;9.816646e-002;6.340763e-002;1.615741e-001;-1.661567e+000;1.023725e+000;2.685292e+000;4.729921e-001;2.157344e+000;4.144405e+001;2.300000e-001;5.700000e-001;5.000000e-002;2.405549e-001;9.865643e-001;1.151631e-002;5.758157e-003;3.838771e-003;6.019230e-001;5.067437e-001;6.797674e-003;-2.164279e+000;1.762892e+000;-3.064264e-001;-3.969526e-001;2.374085e-001;5.619587e+000;1.055662e-001;1.151631e-001;-7.530393e-002;1.363848e-002;8.979974e-002;8.894241e-002;7.616126e-002;1.651037e-001;-1.127530e+000;7.893056e-001;1.916836e+000;3.860697e-001;1.523983e+000;3.070726e+001;2.233333e-001;5.600000e-001;5.000000e-002;2.380943e-001;9.884837e-001;4.414587e-002;7.677543e-003;3.838771e-003;6.038461e-001;4.855491e-001;7.043508e-003;-1.990019e+000;1.475366e+000;-1.472386e-001;-3.869615e-001;2.146978e-001;3.723397e+000;1.036468e-001;1.151631e-001;-7.856219e-002;8.965159e-003;9.023342e-002;8.752734e-002;8.126827e-002;1.687956e-001;-9.405149e-001;8.839635e-001;1.824478e+000;3.099963e-001;9.175214e-001;1.727838e+001;6.816666e-001;1.980000e+000;5.000000e-002;6.478018e-001;9.654511e-001;5.950096e-002;7.677543e-003;3.838771e-003;5.596154e-001;5.048169e-001;6.100188e-003;-1.866552e+000;1.302291e+000;-8.028080e-002;-3.800451e-001;2.218707e-001;2.995128e+000;1.036468e-001;2.399232e-001;-9.431257e-002;1.125682e-002;9.238276e-002;1.055694e-001;8.112594e-002;1.866953e-001;-8.823056e-001;1.025308e+000;1.907614e+000;3.166019e-001;8.385266e-002;8.343093e+000;4.555556e-001;1.420000e+000;5.000000e-002;5.052416e-001;9.673705e-001;5.239923e-001;1.919386e-002;7.677543e-003;5.903846e-001;4.874759e-001;6.784683e-003;-1.837069e+000;1.272326e+000;-7.283475e-002;-3.857758e-001;2.355956e-001;2.675981e+000;1.036468e-001;2.399232e-001;-1.160055e-001;1.466122e-002;1.008772e-001;1.306667e-001;8.621603e-002;2.168827e-001;-9.591779e-001;1.091401e+000;2.050579e+000;3.362386e-001;3.132376e-001;6.739454e+000;3.460000e-001;1.270000e+000;5.000000e-002;3.731988e-001;9.117082e-001;1.554703e-001;1.727447e-002;5.758157e-003;6.134616e-001;5.028902e-001;1.164410e-002;-1.624066e+000;9.509875e-001;3.404158e-003;-2.720845e-001;1.774792e-001;2.885658e+000;1.055662e-001;4.913628e-001;-1.132524e-001;8.818418e-003;1.135818e-001;1.220708e-001;1.047634e-001;2.268342e-001;-1.116411e+000;1.207639e+000;2.324050e+000;3.506220e-001;3.264677e-001;7.472844e+000;3.714285e-001;1.270000e+000;5.000000e-002;4.070426e-001;9.328215e-001;1.401152e-001;2.111324e-002;5.758157e-003;6.134616e-001;4.990366e-001;1.066524e-002;-1.677716e+000;9.905135e-001;-5.544433e-003;-2.505794e-001;1.518835e-001;3.239388e+000;1.055662e-001;1.861804e-001;-1.057330e-001;5.727225e-003;1.110178e-001;1.114602e-001;1.052906e-001;2.167508e-001;-1.197778e+000;1.063923e+000;2.261702e+000;3.524473e-001;3.817966e-003;8.197124e+000;5.200000e-001;2.610000e+000;5.000000e-002;7.857098e-001;9.673705e-001;2.610365e-001;1.919386e-002;5.758157e-003;6.134616e-001;4.874759e-001;1.124192e-002;-1.672107e+000;9.794166e-001;-9.745689e-003;-2.327344e-001;1.330198e-001;2.581293e+000;9.923224e-001;9.980806e-001;-9.562354e-002;2.094370e-003;8.899838e-002;9.771791e-002;8.690401e-002;1.846219e-001;-8.835551e-001;1.010106e+000;1.893661e+000;2.784677e-001;3.429652e-001;8.709989e+000;5.766667e-001;1.730000e+000;5.000000e-002;6.530271e-001;9.731286e-001;2.341651e-001;1.919386e-002;5.758157e-003;6.019230e-001;4.932563e-001;1.142767e-002;-1.456584e+000;7.248417e-001;1.744183e-002;-1.605804e-001;1.129752e-001;2.336281e+000;9.923224e-001;1.861804e-001;-8.548470e-002;8.893764e-003;9.406756e-002;9.437846e-002;8.517379e-002;1.795523e-001;-8.887959e-001;8.700801e-001;1.758876e+000;2.650153e-001;-1.603007e-001;7.540796e+000;7.414286e-001;2.020000e+000;5.000000e-002;7.541964e-001;9.769674e-001;5.950096e-001;2.687140e-002;9.596929e-003;5.865384e-001;4.932563e-001;7.364971e-003;-1.591463e+000;8.593382e-001;1.893604e-002;-1.960302e-001;1.150781e-001;2.431791e+000;9.923224e-001;1.861804e-001;-8.387925e-002;1.832843e-003;8.801834e-002;8.571210e-002;8.618550e-002;1.718976e-001;-8.477854e-001;8.817099e-001;1.729495e+000;2.878051e-001;-5.270625e-002;6.588687e+000;4.325000e-001;1.040000e+000;5.000000e-002;3.356865e-001;9.865643e-001;7.927063e-001;5.374280e-002;1.343570e-002;5.942308e-001;5.086705e-001;7.952385e-003;-1.640444e+000;9.280103e-001;1.689376e-002;-2.100707e-001;1.113079e-001;2.535693e+000;1.055662e-001;1.151631e-001;-1.067532e-001;-4.443002e-003;8.232872e-002;1.023102e-001;8.677173e-002;1.890819e-001;-7.358808e-001;7.830644e-001;1.518945e+000;2.640817e-001;9.263149e-001;9.534431e+000;3.633333e-001;1.550000e+000;5.000000e-002;4.131854e-001;9.309021e-001;7.293666e-002;7.677543e-003;3.838771e-003;5.807692e-001;5.067437e-001;7.094211e-003;-1.652629e+000;9.628462e-001;3.203746e-002;-2.603267e-001;1.266645e-001;2.199826e+000;1.842610e-001;1.938580e-001;-5.155820e-002;-2.106265e-004;2.460181e-002;5.134757e-002;2.481244e-002;7.616001e-002;-6.679367e-001;8.493268e-001;1.517263e+000;2.399436e-001;1.386136e+000;1.109792e+001;2.921428e-001;8.100000e-001;5.000000e-002;2.757374e-001;9.078695e-001;6.717850e-002;1.151631e-002;5.758157e-003;6.250000e-001;4.913295e-001;2.220175e-003;-2.297891e+000;2.353017e+000;-1.008963e+000;-8.702264e-002;2.174488e-001;6.477318e-001;1.055662e-001;1.170825e-001;-1.252841e-003;-2.017195e-006;1.090578e-003;1.250823e-003;1.092596e-003;2.343419e-003;-1.217002e-001;1.168360e-001;2.385361e-001;4.034589e-002;4.490421e-001;3.851951e+001;2.233333e-001;5.600000e-001;5.000000e-002;2.380943e-001;9.904031e-001;9.404990e-002;7.677543e-003;3.838771e-003;6.538461e-001;5.048169e-001;7.718049e-005;-1.989700e+000;1.473925e+000;1.452890e-002;-6.699679e-001;3.754620e-001;8.656250e+002;8.176584e-001;8.272552e-001;-5.208333e+000;0;5.208333e+000;5.208333e+000;5.208333e+000;1.041667e+001;-1.802083e+002;2.139583e+002;3.941667e+002;5.798380e+001;-1.328068e+000;3.495344e+001;1.092500e+000;2.710000e+000;6.000000e-002;1.112281e+000;9.923224e-001;9.731286e-001;1.727447e-002;5.758157e-003;4.326923e-001;3.969171e-001;3.056837e+002;-1.703192e+000;1.017120e+000;2.632344e-001;-6.898823e-001;3.709277e-001;1.142708e+003;8.119002e-001;8.310940e-001;-8.333333e+000;0;8.333333e+000;8.333333e+000;8.333333e+000;1.666667e+001;-4.014583e+002;4.002083e+002;8.016666e+002;1.019530e+002;-7.294207e-002;1.700866e+001;7.400000e-001;1.690000e+000;6.000000e-002;6.380103e-001;9.788868e-001;9.001920e-001;2.495201e-002;9.596929e-003;4.865385e-001;4.335260e-001;9.685443e+002;-1.792575e+000;1.307360e+000;-1.193087e-002;-5.857470e-001;3.574690e-001;1.215625e+003;5.124760e-001;1.842610e-001;-1.875000e+001;0;1.875000e+001;1.875000e+001;1.875000e+001;3.750000e+001;-5.093750e+002;5.264583e+002;1.035833e+003;1.364257e+002;-9.566220e-003;1.088810e+001;4.709091e-001;1.710000e+000;5.000000e-002;5.701906e-001;9.692898e-001;5.719770e-001;3.262956e-002;1.151631e-002;5.211539e-001;4.778420e-001;1.569287e+003;-1.781844e+000;1.189868e+000;1.623326e-001;-6.487077e-001;3.413053e-001;1.282292e+003;7.907869e-001;8.330134e-001;-3.020833e+001;0;3.333333e+001;3.020833e+001;3.333333e+001;6.354166e+001;-5.387500e+002;5.466667e+002;1.085417e+003;1.573667e+002;-1.244724e-001;8.000945e+000;4.709091e-001;1.700000e+000;5.000000e-002;5.574040e-001;9.692898e-001;7.831094e-001;4.606526e-002;1.535509e-002;5.250000e-001;4.759152e-001;2.009757e+003;-1.834258e+000;1.323888e+000;-2.595581e-003;-5.771464e-001;3.388808e-001;5.755143e-001;4.798464e-001;2.994242e-001;-2.993952e-002;-1.249761e-003;1.672978e-002;2.868976e-002;1.797954e-002;4.666930e-002;-2.044034e-001;2.698481e-001;4.742514e-001;8.094274e-002;7.447872e-001;6.013361e+000;2.731579e-001;8.600000e-001;5.000000e-002;2.498010e-001;9.366603e-001;1.976967e-001;4.798464e-002;1.151631e-002;5.596154e-001;4.951831e-001;6.792913e-004;-1.728303e+000;1.316585e+000;-4.064213e-002;-5.232598e-001;3.360491e-001;8.588125e+002;8.119002e-001;8.310940e-001;-1.295607e+001;-1.778305e-001;1.544969e+001;1.277823e+001;1.562752e+001;2.840576e+001;-3.037322e+002;2.935581e+002;5.972903e+002;8.339281e+001;6.840425e-002;1.195987e+001;5.766667e-001;1.690000e+000;5.000000e-002;6.343501e-001;9.712092e-001;4.069098e-001;2.687140e-002;7.677543e-003;5.942308e-001;5.028902e-001;4.848667e+002;-1.889564e+000;1.396616e+000;-5.077915e-002;-5.753014e-001;3.477579e-001;1.519527e+000;5.124760e-001;8.330134e-001;-1.045577e-001;1.030226e-002;1.057019e-001;1.148600e-001;9.539969e-002;2.102596e-001;-5.825865e-001;5.834478e-001;1.166034e+000;2.136357e-001;-2.395128e-001;4.484420e+000;3.453333e-001;1.260000e+000;5.000000e-002;3.360727e-001;9.654511e-001;6.429942e-001;4.606526e-002;1.535509e-002;5.423077e-001;4.951831e-001;3.503431e-003;-1.877834e+000;1.402929e+000;-4.091445e-002;-5.699357e-001;3.246762e-001;556856;5.105566e-001;1.842610e-001;-8.354211e+003;5.488382e+002;9.963647e+003;8.903049e+003;9.414810e+003;1.831786e+004;-235793;2.099442e+005;4.457372e+005;6.441635e+004;-4.911160e-001;9.524997e+000;3.453333e-001;1.160000e+000;5.000000e-002;3.599975e-001;9.808061e-001;8.905950e-001;5.566219e-002;2.111324e-002;5.942308e-001;5.009634e-001;303365600;-1.862618e+000;1.341683e+000;2.768931e-002;-5.841141e-001;3.215982e-001;7.937674e+000;8.349328e-001;8.099808e-001;-5.938475e-001;-3.832893e-002;5.937340e-001;5.555186e-001;6.320629e-001;1.187582e+000;-2.876238e+000;3.174261e+000;6.050499e+000;1.125849e+000;2.545336e-001;4.543256e+000;2.557895e-001;8.000000e-001;5.000000e-002;2.275572e-001;8.982726e-001;2.399232e-001;2.495201e-002;3.838771e-003;5.403846e-001;4.836223e-001;8.403195e-002;-1.921792e+000;1.388823e+000;2.516153e-002;-6.475157e-001;3.465140e-001;4.965266e+002;5.451056e-001;4.798464e-001;-1.180439e+001;-2.991285e-001;8.780675e+000;1.150526e+001;9.079803e+000;2.058506e+001;-1.577244e+002;1.516496e+002;3.093740e+002;5.118357e+001;1.781114e-001;8.079970e+000;9.719999e-001;2.520000e+000;5.000000e-002;9.073346e-001;9.731286e-001;2.514395e-001;1.727447e-002;5.758157e-003;5.961539e-001;5.105973e-001;1.853855e+002;-1.863828e+000;1.291115e+000;1.411190e-001;-6.856857e-001;3.503991e-001;7.962340e-001;4.875240e-001;4.798464e-001;-8.782270e-003;1.480002e-004;3.113976e-002;8.930271e-003;3.099176e-002;3.992203e-002;-2.663329e-001;1.688794e-001;4.352123e-001;7.706553e-002;-1.205571e+000;9.169996e+000;6.525000e-001;1.100000e+000;9.000000e-002;3.749917e-001;9.865643e-001;8.714011e-001;2.303263e-002;3.838771e-003;4.288462e-001;5.028902e-001;2.193230e-004;-2.361951e+000;2.544020e+000;-1.292808e+000;1.338390e-001;1.401118e-001;5.276088e-001;8.119002e-001;8.310940e-001;-1.288607e-002;1.297101e-004;1.422795e-002;1.301578e-002;1.409824e-002;2.711402e-002;-1.876552e-001;1.949898e-001;3.826450e-001;5.364889e-002;2.081998e-001;1.010264e+001;7.400000e-001;1.710000e+000;5.000000e-002;6.480300e-001;9.692898e-001;2.783110e-001;2.495201e-002;7.677543e-003;5.692308e-001;5.202312e-001;2.131479e-004;-1.873293e+000;1.388037e+000;-5.937359e-002;-5.667086e-001;3.474456e-001;1.778285e+000;4.798464e-001;4.875240e-001;-6.411713e-002;-2.760346e-004;2.755994e-002;6.384109e-002;2.783598e-002;9.167707e-002;-4.438110e-001;5.750544e-001;1.018865e+000;1.779769e-001;7.964933e-001;8.408969e+000;5.600000e-001;1.100000e+000;5.000000e-002;3.438992e-001;9.846449e-001;2.168906e-001;1.535509e-002;3.838771e-003;5.961539e-001;5.067437e-001;1.798977e-003;-2.046166e+000;1.736408e+000;-3.274935e-001;-4.739260e-001;3.196713e-001;1.809286e+001;8.349328e-001;8.099808e-001;-1.176637e+000;2.014923e-003;1.245035e+000;1.178652e+000;1.243020e+000;2.421672e+000;-5.897414e+000;6.115279e+000;1.201269e+001;2.286614e+000;6.793027e-002;4.842398e+000;3.666667e-001;9.000000e-001;5.000000e-002;3.246109e-001;9.788868e-001;5.451056e-001;3.838772e-002;5.758157e-003;4.730769e-001;5.048169e-001;2.794594e-001;-1.988186e+000;1.521964e+000;-1.650410e-001;-5.245622e-001;3.260000e-001;2.095340e+001;3.512476e-001;3.416507e-001;-1.550841e+000;-2.901237e-002;1.215155e+000;1.521828e+000;1.244168e+000;2.765996e+000;-7.838491e+000;7.199005e+000;1.503750e+001;2.851076e+000;1.898217e-001;4.473097e+000;3.316667e-001;8.000000e-001;5.000000e-002;2.480536e-001;9.462572e-001;2.840691e-001;2.495201e-002;3.838771e-003;4.730769e-001;4.913295e-001;3.956996e-001;-2.064740e+000;1.697531e+000;-3.154651e-001;-4.919941e-001;3.329938e-001;2.362290e+001;3.896353e-001;1.497121e-001;-1.349530e+000;4.777055e-002;1.367107e+000;1.397301e+000;1.319337e+000;2.716638e+000;-6.602131e+000;6.589352e+000;1.319148e+001;2.474843e+000;-7.183241e-001;7.424718e+000;4.083333e-001;1.860000e+000;5.000000e-002;4.951066e-001;9.942418e-001;9.059501e-001;7.485604e-002;1.151631e-002;5.038462e-001;4.951831e-001;4.607768e-001;-1.860650e+000;1.272942e+000;1.227957e-001;-6.954499e-001;3.574427e-001;2.144666e+001;3.857965e-001;3.666027e-001;-1.646605e+000;2.081258e-001;1.758503e+000;1.854730e+000;1.550377e+000;3.405107e+000;-8.937033e+000;7.214330e+000;1.615136e+001;3.147063e+000;-3.871115e-001;4.154272e+000;2.693333e-001;8.000000e-001;5.000000e-002;2.082456e-001;9.366603e-001;4.952015e-001;3.454895e-002;3.838771e-003;4.846154e-001;4.990366e-001;6.580751e-001;-1.931598e+000;1.414684e+000;8.236462e-003;-6.426490e-001;3.419482e-001;1.685082e+001;8.099808e-001;9.788868e-002;-1.707594e+000;4.628906e-002;1.893660e+000;1.753883e+000;1.847371e+000;3.601254e+000;-6.489054e+000;5.910441e+000;1.239950e+001;2.723430e+000;-1.941719e-001;3.116235e+000;1.796296e-001;4.700000e-001;5.000000e-002;1.302272e-001;9.673705e-001;6.794626e-001;1.285989e-001;2.111324e-002;5.076923e-001;4.990366e-001;6.080841e-001;-1.823053e+000;1.300600e+000;8.765873e-002;-6.436186e-001;3.438977e-001;1.917646e+001;3.435701e-001;2.936660e-001;-2.019045e+000;7.831955e-003;2.037104e+000;2.026877e+000;2.029272e+000;4.056149e+000;-7.246432e+000;7.425185e+000;1.467162e+001;3.119099e+000;-1.154118e-002;2.995013e+000;2.033333e-001;5.600000e-001;5.000000e-002;1.382659e-001;9.404991e-001;5.182342e-001;6.909789e-002;9.596929e-003;5.134615e-001;4.682081e-001;7.686046e-001;-1.845469e+000;1.305893e+000;1.120160e-001;-6.945378e-001;3.654943e-001;2.002981e+001;2.207294e-001;4.548944e-001;-1.725509e+000;9.234099e-002;1.938711e+000;1.817850e+000;1.846370e+000;3.664220e+000;-8.250196e+000;6.317602e+000;1.456780e+001;2.854356e+000;-2.803636e-001;3.812937e+000;4.125000e-001;1.060000e+000;1.400000e-001;2.996978e-001;9.654511e-001;5.777351e-001;5.182341e-002;3.838771e-003;5.019231e-001;5.009634e-001;7.987328e-001;-1.798379e+000;1.305546e+000;-7.047760e-002;-5.325121e-001;3.173994e-001;2.028628e+001;6.122841e-001;1.861804e-001;-1.820611e+000;1.569852e-001;1.854815e+000;1.977597e+000;1.697829e+000;3.675426e+000;-7.108083e+000;8.367047e+000;1.547513e+001;2.966357e+000;4.175979e-002;3.885151e+000;2.841176e-001;6.400000e-001;5.000000e-002;1.964107e-001;9.462572e-001;4.740883e-001;3.454895e-002;9.596929e-003;5.019231e-001;5.086705e-001;9.794581e-001;-1.696097e+000;1.112528e+000;1.266138e-001;-5.859121e-001;3.155875e-001;2.069953e+001;8.272552e-001;2.552783e-001;-1.832180e+000;-1.099916e-001;1.803901e+000;1.722188e+000;1.913893e+000;3.636081e+000;-8.781839e+000;7.085337e+000;1.586718e+001;3.152685e+000;-1.238496e-001;3.746622e+000;1.869231e-001;4.900000e-001;5.000000e-002;1.319606e-001;9.769674e-001;7.197697e-001;1.401152e-001;1.727447e-002;5.211539e-001;4.894027e-001;8.058665e-001;-1.873287e+000;1.408064e+000;-5.137732e-002;-5.933529e-001;3.411221e-001;1.649581e+001;1.631478e-001;3.761996e-001;-2.083833e+000;1.650424e-002;1.772992e+000;2.100337e+000;1.756487e+000;3.856824e+000;-6.007415e+000;6.496558e+000;1.250397e+001;2.677395e+000;1.142754e-001;3.039209e+000;2.310526e-001;8.400000e-001;5.000000e-002;2.076914e-001;8.925144e-001;3.877159e-001;3.262956e-002;5.758157e-003;5.211539e-001;5.144508e-001;8.326167e-001;-1.678061e+000;1.155363e+000;1.151777e-001;-6.138510e-001;3.474779e-001;1.946504e+001;8.272552e-001;1.017274e-001;-1.680895e+000;9.175415e-002;2.002724e+000;1.772649e+000;1.910970e+000;3.683619e+000;-7.813665e+000;5.840997e+000;1.365466e+001;2.930671e+000;-4.148632e-001;3.631886e+000;1.609375e-001;4.200000e-001;5.000000e-002;8.956001e-002;9.865643e-001;8.023033e-001;1.785029e-001;2.303263e-002;5.076923e-001;5.048169e-001;8.516575e-001;-1.735976e+000;1.160353e+000;1.814918e-001;-7.086518e-001;3.871970e-001;1.812030e+001;1.573896e-001;1.976967e-001;-1.583357e+000;3.245747e-002;1.509124e+000;1.615815e+000;1.476667e+000;3.092481e+000;-6.649281e+000;6.768984e+000;1.341826e+001;2.605095e+000;-1.035664e-003;3.962283e+000;3.471428e-001;1.040000e+000;5.000000e-002;3.151287e-001;9.654511e-001;5.374280e-001;4.990403e-002;9.596929e-003;5.076923e-001;5.067437e-001;7.360776e-001;-1.719556e+000;1.209506e+000;6.657432e-003;-5.603727e-001;3.538497e-001;2.011373e+001;1.631478e-001;1.036468e-001;-1.771782e+000;1.417426e-001;1.748466e+000;1.913525e+000;1.606723e+000;3.520248e+000;-7.116272e+000;7.822784e+000;1.493906e+001;2.825891e+000;6.873704e-002;4.032657e+000;2.300000e-001;9.899999e-001;5.000000e-002;2.390552e-001;9.174664e-001;2.994242e-001;1.919386e-002;5.758157e-003;4.826923e-001;4.894027e-001;7.804476e-001;-1.770482e+000;1.188483e+000;9.187846e-002;-6.197778e-001;3.236909e-001;1.521266e+001;3.800384e-001;3.877159e-001;-1.401270e+000;-1.167480e-001;1.474552e+000;1.284521e+000;1.591300e+000;2.875822e+000;-5.009118e+000;5.404283e+000;1.041340e+001;2.243901e+000;2.366001e-001;3.579902e+000;1.771428e-001;4.500000e-001;5.000000e-002;1.097678e-001;8.426104e-001;2.092130e-001;9.596929e-003;3.838771e-003;4.807692e-001;4.932563e-001;5.051772e-001;-1.776112e+000;1.257177e+000;7.326916e-002;-6.616964e-001;3.498257e-001;2.012493e+002;9.921155e-001;2.012493e+002;2.029758e+002;1.263656e+002;1.211073e-001;9.653979e-001;-1.472732e-001;2.224566e+002;5.469501e+002;-5.071177e-004;-1.223288e-003;2.154706e+002;5.369843e+002;4.806460e-001;1.811091e+002;1.938641e+002;2.151591e+002;1.275507e+001;2.129498e+001;3.405005e+001;1.704168e+002;2.874490e+002;1.170322e+002;2.641795e+001;1.270318e+000;4.377914e+000;4.117647e-001;1.418685e-001;3.806228e-002;1.730104e-002;3.888889e-001;5.261324e-001;2.871578e+002;-1.037038e+000;1.174522e-002;1.073380e-002;7.295716e-003;1.113894e-002;6.841667e-001;9.816092e-001;6.841667e-001;6.945394e-001;6.437266e-001;1.067961e-001;6.990291e-002;2.230540e-005;6.784342e-001;1.429001e-002;-2.861670e-006;1.493204e-003;5.526724e-001;1.108973e-002;5.004283e-001;6.041662e-001;7.318009e-001;7.820618e-001;1.276346e-001;5.026096e-002;1.778956e-001;3.503809e-001;8.202276e-001;4.698467e-001;1.195868e-001;-1.028825e+000;3.614220e+000;9.922330e-001;9.067961e-001;6.000000e-001;3.728155e-001;4.844358e-001;4.580897e-001;2.281622e-003;-1.170393e+000;2.028096e-001;1.329126e-001;-1.110951e-001;-5.202317e-002;2.409933e-002;6.762192e-001;2.409933e-002;3.581685e-002;1.962451e-001;7.340824e-001;9.438202e-001;-2.021981e-005;2.678856e-002;6.996405e-004;6.231789e-007;-1.859854e-004;3.410988e-002;6.886765e-004;4.794594e-001;8.962113e-003;1.588169e-002;2.844480e-002;6.919576e-003;1.256311e-002;1.948268e-002;2.752091e-003;1.391759e-001;1.364238e-001;2.649659e-002;3.080364e+000;1.508274e+001;9.737828e-002;2.996255e-002;7.490637e-003;3.745318e-003;4.962406e-001;4.981132e-001;3.316475e-004;-9.905134e-001;1.574013e-001;1.498268e-001;-8.791015e-002;-9.969869e-002;2.174892e-002;5.939102e-001;2.174892e-002;3.551384e-002;1.919616e-001;7.374517e-001;9.613900e-001;-3.838432e-005;2.670050e-002;7.799814e-004;6.913376e-007;-2.167494e-004;3.434047e-002;7.680340e-004;4.599780e-001;6.479098e-003;1.228439e-002;2.179520e-002;5.805288e-003;9.510810e-003;1.531610e-002;2.036636e-003;1.389468e-001;1.369102e-001;2.807521e-002;3.116421e+000;1.499935e+001;1.158301e-001;2.702703e-002;7.722008e-003;7.722008e-003;5.038760e-001;5.447471e-001;3.409244e-004;-1.029024e+000;1.819238e-001;1.332338e-001;-1.025169e-001;-1.427921e-002;1.191270e-001;6.005224e-001;1.191270e-001;1.841926e-001;6.673505e-001;1.086957e-002;7.572464e-001;4.142749e-005;1.134307e-001;1.972476e-002;2.235018e-006;-5.732026e-004;1.414988e-001;1.956373e-002;5.061868e-001;3.805705e-002;6.752759e-002;1.232499e-001;2.947054e-002;5.572232e-002;8.519286e-002;7.862454e-003;6.312536e-001;6.233912e-001;1.404836e-001;2.284982e+000;7.803894e+000;1.811594e-001;9.420290e-002;3.985507e-002;2.898551e-002;5.054545e-001;5.036497e-001;7.895058e-003;-1.065629e+000;2.681513e-001;3.183343e-002;-8.247129e-002;-1.917942e-002;-3.483412e+001;6.794165e-001;1.761609e+001;6.639045e+001;1.277330e+002;3.294347e-001;0;-7.411849e-003;-3.293669e+001;3.193071e+003;-8.308294e-004;4.179728e-001;-6.916528e+001;2.927480e+003;5.081215e-001;-100;3.911451e+000;1.798794e+001;1.039115e+002;1.407649e+001;1.179879e+002;-100;2.647729e+001;1.264773e+002;5.651792e+001;-1.944677e-001;1.127533e+000;5.945419e-001;5.536062e-001;5.185185e-001;3.918129e-001;3.203125e-001;3.268102e-001;1.347659e+002;-1.496964e+000;3.748544e-001;4.263050e-001;-3.542518e-001;8.063383e-002;-8.076819e-004;3.620159e-001;1.307408e-002;1.945527e-002;1.344498e-001;1.078067e-001;4.089219e-002;8.390005e-006;-1.931943e-003;3.774308e-004;-9.824298e-008;3.471912e-005;-3.103588e-003;3.771500e-004;2.652856e-001;-6.944709e-003;-9.688460e-004;2.017186e-003;5.975863e-003;2.986032e-003;8.961895e-003;-3.837269e-002;8.036149e-002;1.187342e-001;1.943850e-002;2.152692e+000;1.117138e+001;7.472119e-001;4.460967e-002;3.717472e-002;1.115242e-002;5.410448e-001;4.569288e-001;1.129929e-005;-1.822280e+000;1.185055e+000;-4.538220e-001;1.299030e-001;1.571592e-002;-9.031881e-005;7.869789e-002;1.908574e-004;1.275688e-003;2.120774e-002;1.744186e-002;1.937984e-003;1.056237e-006;-3.622998e-004;1.594468e-006;-1.053184e-008;6.480133e-006;-8.269470e-004;1.550784e-006;-3.832381e-003;-1.748079e-005;-1.215147e-006;1.492920e-005;1.626564e-005;1.614435e-005;3.241000e-005;-4.599310e-003;1.898447e-003;6.497757e-003;1.272486e-003;-8.727172e+000;1.014585e+002;9.941860e-001;9.941860e-001;9.573643e-001;3.875969e-003;4.601942e-001;5.155642e-001;5.121023e-007;-1.139179e+000;4.995032e-001;1.353053e-001;-1.665167e-001;-4.800936e-002;-7.450576e-006;3.118173e-001;1.079547e-005;4.256710e-005;4.500001e-004;5.668016e-002;1.214575e-002;1.154076e-007;-2.164571e-005;1.688733e-009;-1.837609e-009;5.674594e-007;-4.010449e-005;1.618912e-009;1.791501e-001;-7.014690e-006;-7.635981e-007;4.502312e-006;6.251092e-006;5.265910e-006;1.151700e-005;-1.907599e-004;7.023034e-005;2.609902e-004;4.190998e-005;-3.728211e+000;2.540836e+001;9.919028e-001;9.554656e-001;4.453441e-002;8.097166e-003;5.650406e-001;5.061225e-001;3.551281e-010;-1.445322e+000;8.312463e-001;2.223331e-002;-3.244671e-001;1.782044e-001;-6.534891e-006;2.489118e-001;1.560329e-005;5.799466e-005;7.310861e-004;4.166667e-003;2.083333e-002;1.012390e-007;-1.863296e-005;3.271480e-009;-1.625310e-009;4.896881e-007;-3.404144e-005;3.222794e-009;1.880805e-001;-6.986567e-006;-4.744599e-007;3.753369e-006;6.512108e-006;4.227829e-006;1.073994e-005;-2.423503e-004;1.434387e-004;3.857890e-004;5.762531e-005;-3.785202e+000;3.470008e+001;9.875000e-001;9.708334e-001;2.916667e-002;4.166667e-003;5.564854e-001;4.915966e-001;6.979238e-010;-1.394236e+000;8.169484e-001;1.631445e-001;-4.376178e-001;2.464687e-001;-3.325525e-005;2.608271e-001;6.882524e-005;3.036951e-004;4.874953e-003;3.906250e-003;1.562500e-002;4.171015e-007;-8.643570e-005;9.017469e-008;-5.267748e-009;1.760377e-006;-1.433010e-004;8.951262e-008;2.304792e-001;-3.507272e-005;-2.939116e-006;1.999650e-005;3.213360e-005;2.293561e-005;5.506922e-005;-1.318161e-003;3.624578e-004;1.680618e-003;3.018689e-004;-3.215280e+000;4.830187e+001;9.882813e-001;9.609375e-001;3.906250e-003;3.906250e-003;5.490196e-001;4.881890e-001;2.834658e-008;-1.219382e+000;8.943594e-001;-1.980153e-001;-4.514091e-002;1.221405e-001;5.359397e-003;1.851609e-001;2.659637e-002;6.047967e-002;7.356822e-001;8.720931e-003;1.162791e-001;-1.112502e-004;2.443881e-002;3.507019e-003;1.469299e-006;-6.152199e-004;5.316509e-002;3.339075e-003;-9.651042e-002;-2.912100e-003;9.353556e-005;5.123097e-003;3.005636e-003;5.029562e-003;8.035198e-003;-1.230347e-001;2.642242e-001;3.872590e-001;6.024174e-002;4.819738e+000;4.221106e+001;8.401163e-001;1.162791e-002;5.813953e-003;5.813953e-003;4.460641e-001;5.175439e-001;1.959182e-004;-2.086540e+000;1.781625e+000;-4.833289e-001;-2.947316e-001;2.176518e-001;5.579150e-001;2.790000e-001;5.900000e-001;4.000000e-002;1.906541e-001;5.293673e-001;7.404171e-001;6.489348e-001;2.476470e-001;1.531062e-001;1.499075e+000;8.186317e-001;1.049788e+000;5.204208e-001;1.983100e+000;3.954435e-001;6.843382e+000;4.854895e+000;7.040382e+000;3.783730e+000;-3.169318e-004;6.114526e-001;1.386319e-001;-5.605152e-006;2.586537e-003;3.612705e-001;1.259681e-001;4.731430e-001;1.245920e+000;8.466738e-001;1.586542e+000;3.480000e-001;2.090263e-001;8.475792e+000;8.725190e-001;2.852388e+000;1.606468e+000;2.289383e+000;4.358145e-002;1.299133e+001;5.172510e+000;1.531888e+001;1.268984e+001;-1.277824e-003;1.576876e+000;9.281473e-001;4.562716e-007;-1.514172e-003;1.597242e+000;9.280633e-001;4.546793e-001;1.339494e-001;5.064393e-001;1.714104e-001;2.110000e-001;1.512515e-001;3.192652e-001;8.041214e-001;2.622863e-001;1.283369e-001;1.958100e+000;6.310109e-001;2.494497e+000;1.282427e+000;1.205426e+000;4.193737e-001;-6.396603e-005;1.505166e-001;1.134724e-002;-1.966762e-006;9.548169e-004;6.273150e-002;9.788073e-003;4.783832e-001;9.951027e-002;8.376086e-001;1.264032e-001;4.880000e-001;2.932200e-001;4.277778e-001;8.863310e-001;2.306818e-001;1.311716e-001;2.318171e+000;1.107914e-001;1.311567e+000;1.463054e+000;9.304831e-001;9.432226e-001;-4.424780e-005;1.109705e-001;6.031519e-003;2.743782e-007;-1.863757e-004;1.232171e-001;6.001174e-003;4.798053e-001;1.052060e-001;9.379718e-001;1.118911e-001;2.277273e-001;1.448004e-001;1.334415e-001;7.400881e-001;1.488452e-001;4.363921e-002;1.414798e+000;2.731757e-001;9.956828e-001;4.307643e-001;8.422432e-001;3.350004e-001;-4.288150e-006;1.063166e-001;1.450909e-003;-1.377769e-007;6.708029e-005;1.001671e-001;1.443258e-003;4.972738e-001;2.781068e-001;7.398805e-001;3.584675e-001;3.246154e-001;2.084559e-001;9.002686e-001;7.990355e-001;6.126017e-001;3.344949e-001;2.202757e+000;9.057820e-002;3.682681e+000;1.727056e+000;2.838829e+000;1.219126e+000;-1.775169e-004;3.240837e-001;5.044823e-002;-8.473938e-007;2.614331e-004;2.862608e-001;5.015879e-002;4.714300e-001;4.705703e-001;6.853726e-001;6.993347e-001;4.775000e-001;3.486044e-001;3.837208e+000;8.709881e-001;1.548049e+000;1.077478e+000;3.289729e+000;1.870548e-002;7.466653e+000;2.335203e+000;5.399799e+000;3.905950e+000;-6.124728e-004;6.292007e-001;2.592124e-001;1.059360e-007;-6.673476e-004;6.339291e-001;2.592079e-001;4.427446e-001;6.138703e-001;7.017437e-001;9.220079e-001;4.255556e-001;3.248324e-001;5.476635e+000;8.873383e-001;1.954272e+000;1.340402e+000;3.183527e+000;9.114794e-002;1.123913e+001;2.371102e+000;6.863753e+000;4.283067e+000;-8.898765e-004;8.443483e-001;4.554868e-001;2.826353e-007;-1.036282e-003;8.569635e-001;4.554546e-001;4.363409e-001;6.779786e-001;7.875119e-001;8.607171e-001;3.525000e-001;2.528133e-001;3.364465e+000;8.362264e-001;1.581363e+000;9.033846e-001;2.332468e+000;1.398155e-001;1.004551e+001;3.159767e+000;8.338218e+000;4.770075e+000;-6.755499e-004;8.529460e-001;2.709350e-001;-5.463024e-007;-3.925653e-004;8.285622e-001;2.708147e-001;4.559417e-001;8.812871e-001;7.189282e-001;1.382936e+000;4.787500e-001;2.976076e-001;9.208420e+000;8.850627e-001;3.102352e+000;2.221065e+000;3.520251e+000;5.965299e-002;1.200504e+001;6.165673e+000;1.317519e+001;1.440502e+001;-1.272132e-003;1.210769e+000;1.099519e+000;7.682870e-007;-1.670105e-003;1.245061e+000;1.099281e+000;4.366058e-001;9.817264e-001;7.321835e-001;1.514814e+000;4.528571e-001;3.127364e-001;1.025766e+001;8.817409e-001;3.828677e+000;2.846951e+000;3.899943e+000;2.866114e-002;1.943415e+001;1.268783e+001;1.538783e+001;1.978746e+001;-1.560274e-003;1.385837e+000;1.276228e+000;1.873312e-006;-2.530649e-003;1.469451e+000;1.274814e+000;4.302990e-001;1.075625e+000;7.353718e-001;1.563251e+000;3.358333e-001;2.054990e-001;7.847144e+000;8.770201e-001;2.869241e+000;1.793616e+000;2.667510e+000;4.702824e-002;1.609417e+001;1.175553e+001;1.952006e+001;1.413243e+001;-1.387818e-003;1.435070e+000;1.243550e+000;2.956287e-007;-1.540954e-003;1.448265e+000;1.243515e+000;4.432338e-001;1.146084e+000;7.367059e-001;1.797406e+000;4.971429e-001;3.151287e-001;1.224630e+001;8.698711e-001;4.114235e+000;2.968151e+000;3.589819e+000;2.007269e-002;1.720749e+001;1.223373e+001;2.084955e+001;2.157664e+001;-1.575892e-003;1.554240e+000;1.861415e+000;1.549414e-006;-2.378488e-003;1.623397e+000;1.860447e+000;4.395671e-001;1.198906e+000;7.513589e-001;1.751265e+000;3.472727e-001;2.199211e-001;9.651862e+000;8.580539e-001;3.186421e+000;1.987515e+000;2.657773e+000;3.554150e-002;1.681370e+001;1.017549e+001;1.997050e+001;1.440563e+001;-1.497976e-003;1.586882e+000;1.579185e+000;1.189949e-006;-2.114370e-003;1.639995e+000;1.578614e+000;4.449980e-001;1.347733e+000;7.133676e-001;2.361392e+000;8.275000e-001;4.683548e-001;1.776205e+001;8.711981e-001;7.472835e+000;6.125101e+000;5.544743e+000;2.004651e-002;1.637836e+001;1.376381e+001;3.738915e+001;4.441263e+001;-2.340496e-003;1.953922e+000;3.636827e+000;4.550408e-006;-4.697607e-003;2.157026e+000;3.628480e+000;4.239282e-001;1.310058e+000;7.690039e-001;1.944577e+000;6.960000e-001;4.597738e-001;1.170137e+001;8.280851e-001;5.425972e+000;4.115913e+000;4.141779e+000;1.466128e-002;2.309537e+001;2.521061e+001;1.957095e+001;2.441398e+001;-1.803283e-003;1.777108e+000;1.992137e+000;2.872460e-006;-3.291218e-003;1.905319e+000;1.988811e+000;4.395036e-001;1.367272e+000;7.693803e-001;2.145127e+000;5.783333e-001;3.283164e-001;1.574596e+001;8.835869e-001;5.176118e+000;3.808847e+000;3.785728e+000;1.410752e-002;1.423158e+001;1.061967e+001;2.736886e+001;2.885861e+001;-2.054567e-003;1.899404e+000;2.637385e+000;4.481493e-006;-4.375980e-003;2.099433e+000;2.629289e+000;4.340461e-001;1.416695e+000;7.735925e-001;2.149174e+000;5.733333e-001;3.165438e-001;1.384757e+001;8.811866e-001;5.049067e+000;3.632372e+000;3.563975e+000;2.048296e-002;1.317935e+001;7.653895e+000;2.122231e+001;2.637845e+001;-2.057700e-003;1.949640e+000;2.516882e+000;3.212080e-006;-3.721557e-003;2.093009e+000;2.512723e+000;4.362178e-001;1.462908e+000;7.717975e-001;2.253013e+000;5.716667e-001;2.664843e-001;1.443933e+001;8.791177e-001;5.227204e+000;3.764297e+000;3.573160e+000;1.706693e-002;1.125728e+001;6.967041e+000;3.170825e+001;3.662775e+001;-2.034255e-003;1.989780e+000;2.843079e+000;2.536809e-006;-3.348322e-003;2.103009e+000;2.840485e+000;4.388953e-001;1.530095e+000;7.628689e-001;2.460309e+000;4.575000e-001;2.384324e-001;1.698639e+001;8.792130e-001;5.197904e+000;3.667809e+000;3.397112e+000;2.033494e-002;1.411543e+001;6.932147e+000;2.992833e+001;3.666094e+001;-2.189783e-003;2.097249e+000;3.604293e+000;3.925179e-006;-4.223026e-003;2.272446e+000;3.598083e+000;4.371400e-001;1.509103e+000;8.056718e-001;2.094720e+000;3.075000e-001;1.791589e-001;1.283566e+001;8.741238e-001;4.157460e+000;2.648357e+000;2.754921e+000;5.775429e-002;1.714986e+001;8.481246e+000;3.207641e+001;1.716511e+001;-1.579059e-003;1.918079e+000;2.054490e+000;1.548277e-006;-2.381067e-003;1.987186e+000;2.053524e+000;4.537819e-001;1.500641e+000;8.413960e-001;1.885463e+000;2.693750e-001;1.526421e-001;8.963946e+000;8.476850e-001;3.437804e+000;1.937163e+000;2.290891e+000;1.133995e-001;2.000610e+001;1.354466e+001;2.734352e+001;1.513532e+001;-1.293359e-003;1.835621e+000;1.265500e+000;4.791179e-007;-1.541542e-003;1.857006e+000;1.265408e+000;4.617608e-001;1.570227e+000;8.322381e-001;1.942996e+000;2.464706e-001;1.392205e-001;5.870993e+000;7.886681e-001;3.670960e+000;2.100733e+000;2.337852e+000;2.226601e-001;2.371195e+001;1.469958e+001;3.058003e+001;2.151138e+001;-1.039777e-003;1.839530e+000;1.285353e+000;-1.832146e-006;-9.072517e-005;1.757753e+000;1.284000e+000;4.703973e-001;1.638459e+000;8.193668e-001;2.027812e+000;2.652941e-001;1.448373e-001;6.237031e+000;8.124130e-001;3.896480e+000;2.258021e+000;2.378137e+000;1.578941e-001;2.529392e+001;1.337066e+001;3.102119e+001;1.996584e+001;-9.403136e-004;1.882000e+000;1.407628e+000;-2.542518e-006;3.767105e-004;1.768517e+000;1.405022e+000;4.742155e-001;1.724756e+000;8.047190e-001;2.175444e+000;2.812500e-001;1.561450e-001;6.707743e+000;8.271981e-001;3.966316e+000;2.241560e+000;2.299639e+000;1.405367e-001;2.406515e+001;1.331544e+001;2.884573e+001;1.862800e+001;-1.354672e-003;2.075616e+000;1.716582e+000;-1.907059e-006;-3.668157e-004;1.990496e+000;1.715116e+000;4.650670e-001;1.764367e+000;8.029711e-001;2.236158e+000;2.843750e-001;1.667603e-001;7.101964e+000;8.299893e-001;3.948625e+000;2.184258e+000;2.237984e+000;9.967803e-002;2.518821e+001;1.365462e+001;3.002460e+001;2.081294e+001;-1.472641e-003;2.145781e+000;1.838733e+000;-1.672096e-006;-6.064953e-004;2.071148e+000;1.837606e+000;4.629378e-001;1.676133e+000;8.581774e-001;1.985541e+000;2.806250e-001;1.712466e-001;5.618571e+000;8.111609e-001;3.376207e+000;1.700075e+000;2.014284e+000;9.166681e-002;2.120849e+001;9.256398e+000;2.107022e+001;1.028002e+001;-9.764052e-004;1.929022e+000;1.111550e+000;-1.419731e-007;-9.028632e-004;1.922685e+000;1.111542e+000;4.738421e-001;1.681599e+000;8.701397e-001;1.974453e+000;2.494444e-001;1.517196e-001;5.633929e+000;8.475147e-001;3.245111e+000;1.563512e+000;1.929777e+000;1.491015e-001;2.068292e+001;1.515936e+001;2.173946e+001;1.167243e+001;-5.116414e-004;1.814114e+000;1.064815e+000;-2.853076e-006;9.662522e-004;1.686769e+000;1.061534e+000;4.858775e-001;1.732851e+000;8.491459e-001;2.065763e+000;2.800000e-001;1.822635e-001;6.109151e+000;8.601841e-001;3.723306e+000;1.990455e+000;2.148659e+000;1.790826e-001;2.600170e+001;1.560987e+001;2.474306e+001;1.526906e+001;-7.983223e-004;1.939617e+000;1.250300e+000;-3.289012e-006;9.053861e-004;1.792814e+000;1.245939e+000;4.791115e-001;1.731665e+000;8.490071e-001;2.040191e+000;2.368421e-001;1.523927e-001;6.689259e+000;8.465825e-001;3.276989e+000;1.545324e+000;1.892392e+000;3.767771e-001;2.399017e+001;1.187224e+001;1.924437e+001;1.143383e+001;-1.123358e-003;2.022614e+000;1.135391e+000;-2.038434e-006;-6.744954e-005;1.931630e+000;1.133717e+000;4.709798e-001;6.613994e-001;8.418030e-002;1.213092e+000;2.478571e-001;1.759769e-001;4.664149e+000;8.325436e-001;2.887410e+000;2.226011e+000;4.365608e+000;4.735416e-001;3.633503e+001;3.267966e+001;2.266259e+001;2.335165e+001;-1.732448e-003;1.110103e+000;9.667715e-001;-1.402917e-005;5.534664e-003;4.839205e-001;8.874387e-001;3.857494e-001;4.611776e-002;7.155069e-002;1.539107e-001;4.550000e-001;2.831225e-001;1.257366e+000;8.673956e-001;4.381307e-001;3.920129e-001;9.500259e+000;1.384129e-002;1.690252e+000;8.572576e-001;2.702284e+000;2.773880e+000;-1.549136e-004;8.624039e-002;2.102297e-002;3.653193e-007;-3.441490e-004;1.025462e-001;2.096917e-002;3.537566e-001;2.015294e+002;8.027012e-001;2.954410e+002;2;1.180953e+000;1.802083e+003;8.480392e-001;1.020833e+003;8.193040e+002;5.065432e+000;2.941176e-002;1.479202e+003;3.720573e+002;1.937403e+003;1.275733e+003;1.487826e-001;1.629947e+002;4.617439e+004;-1.107945e-003;7.226984e-001;1.135423e+002;4.567959e+004;5.309666e-001;3.012002e+002;7.555963e-001;4.723670e+002;8.240000e-001;5.516340e-001;1.958333e+003;7.966102e-001;1.513889e+003;1.212689e+003;5.026188e+000;5.932204e-002;1.621609e+004;1.302746e+004;9.835611e+003;6.473962e+003;2.038211e-001;2.484106e+002;1.314765e+005;-8.885327e-004;6.640810e-001;2.087515e+002;1.311583e+005;5.283036e-001;4.427384e+002;7.471217e-001;6.477064e+002;7.083333e-001;5.137687e-001;1.989583e+003;7.403101e-001;1.549107e+003;1.106369e+003;3.498922e+000;2.286822e-001;1.470460e+004;1.625412e+004;9.947209e+003;1.003015e+004;-1.229444e-001;4.745811e+002;2.231670e+005;7.028026e-004;-4.869962e-001;5.059502e+002;2.229679e+005;4.870265e-001;6.523162e+002;7.418224e-001;8.967156e+002;3.276923e-001;2.382815e-001;2375;7.944251e-001;1.858631e+003;1.206315e+003;2.849279e+000;5.993031e-001;1.758014e+004;1.405165e+004;1.854846e+004;1.287477e+004;-7.381946e-001;8.435085e+002;3.663507e+005;4.705152e-003;-3.175463e+000;1.053520e+003;3.574272e+005;4.500929e-001;2.922705e-001;6.039386e-001;3.876113e-001;1.433333e-001;9.193597e-002;9.676321e-001;7.259076e-001;7.109689e-001;4.186984e-001;2.432571e+000;2.417751e-001;1.053405e+001;6.818501e+000;8.674848e+000;6.397646e+000;-2.005621e-004;3.442161e-001;6.391755e-002;-3.439283e-006;1.580987e-003;1.907060e-001;5.914968e-002;4.693577e-001;3.683635e+002;8.276722e-001;4.878989e+002;3.718182e-001;2.295972e-001;1.681538e+003;8.177111e-001;1.026467e+003;6.581037e+002;2.786561e+000;1.888265e-001;9.309771e+003;7.211069e+003;5.780399e+003;4.361271e+003;-7.143467e-002;3.868651e+002;1.022392e+005;5.324989e-004;-3.472691e-001;4.106328e+002;1.021249e+005;4.906494e-001;3.098559e+000;9.648373e-001;3.210727e+000;1.666667e-001;1.074968e-001;3.244198e+000;8.411213e-001;4.009444e+000;9.108849e-001;1.293970e+000;6.165325e-001;2.646722e+001;1.600663e+001;2.145205e+001;1.092827e+001;-7.217400e-004;3.285490e+000;6.960075e-001;3.909702e-006;-2.746965e-003;3.459997e+000;6.898462e-001;4.889625e-001;1.554539e+005;3.192055e-001;2.876149e+005;2.882353e-001;2.114794e-001;1051989;8.599004e-001;5.935103e+005;4.380564e+005;3.817919e+000;5.051119e-001;5.563252e+006;5293584;7.666403e+006;5.149930e+006;-2.443872e+002;2.187502e+005;57215807488;2.579096e+000;-1.580359e+003;3.338664e+005;54534639616;4.310440e-001;7.169975e+000;7.060421e-001;8.945990e+000;2.008000e-001;1.164419e-001;1.757183e+001;7.291806e-001;1.246802e+001;5.298047e+000;1.738921e+000;6.018649e-001;1.157514e+002;6.694961e+001;1.011478e+002;6.805596e+001;8.258916e-003;5.030916e+000;2.709110e+001;-3.141519e-005;2.453198e-002;3.628720e+000;2.669329e+001;5.488550e-001;1.554975e+002;3.490306e-001;2.591106e+002;2.283333e-001;1.453317e-001;9.171552e+002;8.865563e-001;5.593360e+002;4.038385e+002;3.597074e+000;4.212485e-001;6.234944e+003;4.650989e+003;6.182330e+003;6.702149e+003;2.280345e-001;9.643657e+001;4.179163e+004;-1.640340e-003;1.077730e+000;2.322110e+001;4.070706e+004;5.624618e-001;-3.088025e-001;1.393058e-001;4.541664e-001;2.400000e-001;1.184389e-001;7.543493e-001;4.102893e-001;-1.760052e-001;1.327973e-001;5.699604e-001;8.395687e-001;5.145471e+000;2.574526e+000;1.046781e+001;6.081465e+000;2.969444e-004;-3.857110e-001;1.089289e-001;5.660128e-006;-2.635002e-003;-1.330750e-001;9.601543e-002;4.574476e-001;3.374714e-001;8.897413e-001;3.950440e-001;2.806667e-001;1.784040e-001;1.108578e+000;8.180233e-001;6.715094e-001;3.340380e-001;1.989826e+000;2.074716e-001;6.014382e+000;4.479504e+000;4.588704e+000;3.307311e+000;-8.888127e-005;3.604917e-001;4.199550e-002;-4.141386e-007;1.256425e-004;3.420069e-001;4.192637e-002;4.876457e-001;6.221636e-001;1.069346e-001;9.671754e-001;2.120000e-001;1.488355e-001;3.178051e+000;8.563662e-001;1.914000e+000;1.291837e+000;3.076361e+000;4.019288e-001;2.065796e+001;1.076513e+001;1.405525e+001;8.469690e+000;-8.692506e-004;8.472995e-001;5.313801e-001;-1.193979e-005;5.315559e-003;3.143751e-001;4.739179e-001;4.386105e-001;2.731481e+001;8.696090e-001;2.969253e+001;2.478947e-001;1.661833e-001;3.332923e+001;5.407963e-001;3.798765e+001;1.067285e+001;1.390735e+000;6.878828e-001;2.516963e+002;1.661714e+002;1.840191e+002;1.325045e+002;3.965259e-003;2.628780e+001;1.351946e+002;-2.064706e-004;1.109170e-001;1.707213e+001;1.180114e+002;5.053151e-001;6.255792e+000;6.549470e-001;1.646889e+001;2.255556e-001;1.171788e-001;5.038849e+001;6.300038e-001;2.071359e+001;1.445779e+001;3.311105e+000;7.079175e-001;2.635511e+002;1.226334e+002;2.775642e+002;1.311642e+002;3.584344e-002;-3.027658e+000;2.032511e+002;4.434003e-006;3.354662e-002;-2.829749e+000;2.032432e+002;7.468426e-001;1.281333e+001;7.663903e-001;1.842608e+001;2.177273e-001;1.269712e-001;4.392746e+001;5.792760e-001;2.316328e+001;1.034995e+001;1.807749e+000;7.490678e-001;2.404650e+002;1.589006e+002;2.679629e+002;2.014602e+002;1.314980e-002;9.407529e+000;1.714576e+002;2.224056e-004;-1.020563e-001;1.933446e+001;1.515196e+002;5.434222e-001;-1.664458e+001;6.783817e-001;2.124731e+001;1.800000e-001;9.951668e-002;4.292229e+001;6.038879e-001;-4.969550e+000;1.167503e+001;2.985687e-001;7.802565e-001;3.070819e+002;1.750611e+002;3.445555e+002;2.252480e+002;-5.179069e-003;-1.530320e+001;1.738040e+002;9.516216e-005;-5.447306e-002;-1.105570e+001;1.701538e+002;5.124941e-001;-1.804824e+000;7.427402e-001;1.345608e+001;1.315790e-001;7.565321e-002;4.890257e+001;7.968155e-001;8.318053e+000;1.012288e+001;-4.608788e+000;7.029610e-001;3.198504e+002;1.328817e+002;3.378411e+002;1.445148e+002;6.533666e-003;-3.497044e+000;1.768505e+002;3.446338e-004;-1.719866e-001;1.188546e+001;1.289760e+002;3.424673e-001;-2.496769e+001;8.201462e-001;2.844491e+001;1.428571e-001;8.317181e-002;5.299744e+001;7.379339e-001;-1.395587e+001;1.101181e+001;5.589574e-001;7.665176e-001;3.424945e+002;1.483572e+002;3.570688e+002;1.591460e+002;4.505068e-003;-2.613450e+001;1.852721e+002;2.934940e-004;-1.475248e-001;-1.303459e+001;1.505515e+002;4.912328e-001;-7.019314e+000;7.254644e-001;1.557694e+001;1.506061e-001;8.790282e-002;4.776952e+001;7.089112e-001;3.931960e+000;1.095127e+001;-5.601630e-001;7.809270e-001;3.575782e+002;1.860366e+002;3.270710e+002;1.608510e+002;-3.324099e-003;-6.158372e+000;1.931223e+002;2.873979e-004;-1.521962e-001;6.669443e+000;1.598290e+002;5.195182e-001;-1.356367e+001;6.544715e-001;1.849052e+001;1.354054e-001;7.656284e-002;3.464682e+001;4.729205e-001;-1.106187e+000;1.245748e+001;8.155511e-002;7.758280e-001;3.564089e+002;1.958134e+002;3.549590e+002;1.783627e+002;1.238705e-002;-1.677192e+001;1.544819e+002;1.035857e-004;-4.127034e-002;-1.214844e+001;1.501569e+002;4.595386e-001;-1.240529e+001;7.243856e-001;2.091935e+001;1.491176e-001;9.194600e-002;5.410677e+001;7.698289e-001;1.161013e+000;1.356630e+001;-9.359012e-002;7.730631e-001;3.757543e+002;1.968445e+002;3.565896e+002;2.328064e+002;4.512358e-003;-1.357399e+001;2.832708e+002;2.815380e-004;-1.413243e-001;-1.007730e+000;2.513213e+002;4.833047e-001;-5.574656e+000;6.946419e-001;1.057289e+001;1.143182e-001;6.727234e-002;4.504685e+001;7.660739e-001;4.130261e+000;9.704916e+000;-7.408997e-001;6.572798e-001;3.557446e+002;1.775943e+002;3.624155e+002;1.619814e+002;-3.260491e-003;-4.730188e+000;8.047064e+001;1.051167e-004;-5.771096e-002;-3.837280e-002;7.601682e+001;5.243325e-001;-1.364637e+001;7.056344e-001;1.943787e+001;1.261538e-001;7.324947e-002;4.973512e+001;7.960780e-001;-3.371112e+000;1.027526e+001;2.470336e-001;6.457544e-001;3.711685e+002;1.785316e+002;3.625169e+002;2.105712e+002;-5.908519e-003;-1.211606e+001;1.908237e+002;2.718592e-004;-1.467316e-001;1.819199e-002;1.610332e+002;5.177627e-001;-1.307078e+001;7.400544e-001;1.701778e+001;1.270000e-001;7.534585e-002;3.994644e+001;7.159178e-001;-3.563324e+000;9.507458e+000;2.726175e-001;6.583726e-001;3.137732e+002;1.620984e+002;3.025962e+002;1.473765e+002;-1.750900e-002;-8.535952e+000;1.118783e+002;2.581539e-004;-1.512327e-001;2.986575e+000;8.501579e+001;5.569720e-001;-6.984805e+000;6.622962e-001;1.505067e+001;2.169565e-001;1.328145e-001;6.347721e+001;6.866474e-001;7.307161e+000;1.429197e+001;-1.046151e+000;6.322541e-001;2.977669e+002;1.546701e+002;2.949432e+002;1.355457e+002;-1.220974e-002;-3.822483e+000;1.743888e+002;1.878224e-004;-1.095017e-001;4.560843e+000;1.601694e+002;5.746391e-001;-7.428490e+000;6.814474e-001;1.162663e+001;1.230000e-001;6.881860e-002;3.061123e+001;6.369495e-001;4.091197e-001;7.837609e+000;-5.507441e-002;8.003336e-001;2.808394e+002;1.531996e+002;2.618621e+002;1.080596e+002;-1.403561e-002;-3.793267e+000;7.557407e+001;1.211050e-004;-7.676798e-002;1.612173e+000;6.966237e+001;5.807542e-001;4.266311e-001;4.920517e-002;7.371459e-002;2.004762e-001;1.193444e-001;3.718829e-001;5.565435e-001;1.204559e-001;1.194807e-001;1.235236e+002;3.515617e-001;2.426307e+000;1.460158e+000;3.572883e+000;2.688730e+000;4.358268e-001;1.117329e-001;2.372683e-001;3.500000e-001;2.154839e-001;2.013472e+000;5.803471e-001;4.080934e-001;4.068958e-001;3.407446e+002;3.299031e-001;4.129882e+000;2.549511e+000;1.132737e+001;1.717023e+001;3.746139e-001;1.535535e-002;2.024049e-002;1.639286e-001;9.918223e-002;8.502556e-002;6.549752e-001;3.114148e-002;3.103719e-002;2.985895e+002;3.517543e-001;7.584814e-001;4.628617e-001;1.013556e+000;5.757407e-001;4.187112e-001;8.110902e-003;1.550148e-002;3.112500e-001;1.873749e-001;6.625000e-002;4.646858e-001;2.178513e-002;2.188842e-002;-2.109049e+002;4.603020e-001;3.380089e-001;4.146733e-001;5.287316e-001;4.980091e-001;6.761607e-001;7.316452e-003;8.872649e-003;1.391667e-001;7.723072e-002;3.549728e-002;6.247525e-001;1.118501e-002;1.115276e-002;3.468750e+002;4.649898e-001;3.434608e-001;1.834626e-001;3.830977e-001;2.421404e-001;4.756030e-001;3.396862e-002;4.564092e-002;2.831250e-001;1.368550e-001;2.343958e-001;7.054645e-001;8.850410e-002;8.856867e-002;-1.370598e+003;1.949186e-001;9.372951e-001;5.730254e-001;2.425233e+000;1.988984e+000;3.647162e-001;6.387504e-002;1.110087e-001;4.210000e-001;2.713909e-001;9.344453e-001;6.426114e-001;2.799508e-001;2.801312e-001;-1.551510e+003;2.806422e-001;1.697066e+000;1.010618e+000;9.238221e+000;9.435800e+000;3.859226e-001;9.206942e-002;1.515812e-001;4.688889e-001;2.696729e-001;1.314412e+000;6.100268e-001;4.004740e-001;4.005687e-001;-4.228322e+003;3.004642e-001;2.269464e+000;1.448029e+000;1.237231e+001;1.064060e+001;5.058817e-001;7.912506e-002;1.158336e-001;2.494444e-001;1.324100e-001;8.841115e-001;6.764162e-001;2.164041e-001;2.163526e-001;4.208016e+003;2.528220e-001;3.018602e+000;1.863230e+000;6.386701e+000;5.695395e+000;3.862447e-001;1.277486e-001;2.515970e-001;4.787500e-001;2.126286e-001;2.259398e+000;6.008829e-001;6.192455e-001;6.191647e-001;7.662454e+003;3.009846e-001;2.816086e+000;2.103359e+000;1.842071e+001;2.157848e+001;3.309730e-001;1.317771e-001;2.957008e-001;4.775000e-001;2.344408e-001;2.633483e+000;5.930019e-001;7.441208e-001;7.435950e-001;1.415166e+003;3.258393e-001;3.901568e+000;3.549871e+000;2.459046e+001;2.557445e+001;3.883147e-001;1.337478e-001;2.502335e-001;2.878571e-001;1.571769e-001;1.894669e+000;6.392138e-001;4.676224e-001;4.668384e-001;5.964409e+002;2.626235e-001;5.084853e+000;3.869227e+000;1.237091e+001;9.673396e+000;3.523272e-001;1.356029e-001;3.305236e-001;5.457143e-001;3.613552e-001;3.201541e+000;6.078953e-001;7.595760e-001;7.585920e-001;7.718981e+002;2.961702e-001;4.967887e+000;3.872468e+000;2.419500e+001;4.023261e+001;4.217745e-001;1.307746e-001;2.872252e-001;4.244444e-001;3.168323e-001;2.273873e+000;5.508979e-001;6.360322e-001;6.350384e-001;6.399747e+002;3.263004e-001;4.695256e+000;3.405719e+000;1.797323e+001;1.639871e+001;3.422783e-001;1.629665e-001;4.804805e-001;7.925000e-001;3.979400e-001;4.547177e+000;5.817345e-001;1.453559e+000;1.452330e+000;1.182812e+003;3.149185e-001;5.481181e+000;6.528343e+000;4.967447e+001;5.487991e+001;3.841332e-001;1.460969e-001;3.520915e-001;5.457143e-001;4.122957e-001;3.047844e+000;5.826815e-001;8.318437e-001;8.306344e-001;6.879085e+002;3.353576e-001;5.864957e+000;5.101557e+000;2.828839e+001;3.155088e+001;3.674485e-001;1.574235e-001;4.191350e-001;1.150000e+000;7.779460e-001;3.791479e+000;5.357271e-001;1.384661e+000;1.383249e+000;9.807568e+002;3.461278e-001;6.066072e+000;5.146475e+000;3.888930e+001;5.944356e+001;4.242067e-001;1.537827e-001;3.770584e-001;5.733333e-001;2.120141e-001;3.139310e+000;5.373119e-001;9.008045e-001;8.994125e-001;6.471221e+002;3.586777e-001;3.571351e+000;2.600249e+000;2.899752e+001;3.012426e+001;4.153592e-001;1.658993e-001;3.940625e-001;6.880000e-001;1.404991e-001;3.189961e+000;5.275805e-001;1.021388e+000;1.019507e+000;5.431725e+002;3.545691e-001;2.810968e+000;1.931674e+000;2.945688e+001;2.679868e+001;3.795755e-001;1.765664e-001;4.727893e-001;5.733333e-001;2.177154e-001;4.006550e+000;5.448032e-001;1.137966e+000;1.136305e+000;6.853205e+002;3.496062e-001;4.104553e+000;3.776042e+000;3.763425e+001;3.565978e+001;4.015080e-001;1.669645e-001;3.840569e-001;3.358333e-001;1.860275e-001;3.026424e+000;5.385492e-001;6.956171e-001;6.941425e-001;4.717216e+002;3.682983e-001;6.356211e+000;3.351398e+000;2.345406e+001;2.679532e+001;4.222212e-001;1.549060e-001;3.069185e-001;2.357895e-001;1.394508e-001;2.134770e+000;5.733395e-001;4.554837e-001;4.540547e-001;3.187397e+002;3.493628e-001;7.243586e+000;4.403517e+000;1.636793e+001;1.409272e+001;4.527343e-001;1.758974e-001;3.126051e-001;2.294118e-001;1.413088e-001;1.344779e+000;4.489887e-001;5.444294e-001;5.430618e-001;3.980938e+002;4.424079e-001;9.473945e+000;6.753583e+000;1.991589e+001;1.279776e+001;4.403704e-001;1.932061e-001;3.263758e-001;2.175000e-001;1.244638e-001;1.507945e+000;5.635110e-001;5.049111e-001;5.026028e-001;2.187287e+002;3.560190e-001;8.393515e+000;5.101538e+000;1.754231e+001;1.372651e+001;4.357586e-001;2.023445e-001;3.426706e-001;2.357895e-001;1.179863e-001;1.501819e+000;5.204424e-001;5.496498e-001;5.475532e-001;2.621616e+002;3.727838e-001;7.849284e+000;5.892694e+000;1.927791e+001;1.497141e+001;4.398079e-001;2.035506e-001;3.444365e-001;2.635294e-001;1.445647e-001;1.618317e+000;4.995751e-001;5.643521e-001;5.622140e-001;2.639530e+002;4.310761e-001;7.474443e+000;4.805552e+000;1.866183e+001;1.565159e+001;4.735930e-001;1.674333e-001;2.639804e-001;2.176190e-001;1.183408e-001;1.255579e+000;5.107862e-001;3.933491e-001;3.904490e-001;1.356332e+002;4.497006e-001;6.477644e+000;3.807732e+000;1.367632e+001;8.516038e+000;4.602542e-001;1.537232e-001;2.554268e-001;2.108696e-001;1.107809e-001;9.098727e-001;4.208982e-001;3.591794e-001;3.572564e-001;1.867760e+002;5.536620e-001;6.180333e+000;4.152285e+000;1.339813e+001;8.381738e+000;4.644437e-001;1.754241e-001;2.801379e-001;2.166667e-001;1.286807e-001;1.001046e+000;4.172949e-001;4.485094e-001;4.468826e-001;2.757016e+002;5.579553e-001;7.628452e+000;4.785881e+000;1.583649e+001;1.052795e+001;5.026775e-001;1.728727e-001;2.573265e-001;2.210526e-001;1.346700e-001;1.458666e+000;5.752533e-001;4.615285e-001;4.595492e-001;2.331729e+002;3.164952e-001;7.576527e+000;4.770844e+000;1.406214e+001;1.089150e+001;1.023490e-001;1.569101e-001;2.408531e-001;2.005263e-001;1.312754e-001;1.483108e+000;6.741933e-001;4.684252e-001;4.682122e-001;2.199005e+003;3.875411e-001;1.025136e+001;8.973559e+000;1.923873e+001;1.427087e+001;5.946205e-002;1.368267e-002;3.964356e-002;4.957143e-001;3.105591e-001;3.207027e-001;4.951165e-001;8.675648e-002;8.614632e-002;1.421849e+002;4.247515e-001;5.447955e-001;3.579241e-001;3.332964e+000;2.876950e+000;4.539752e-001;2.764733e+001;5.731686e+001;1.175000e+000;5.794609e-001;3.583333e+002;4.139591e-001;1.572917e+002;1.567618e+002;2.968328e+002;5.258724e-001;5.478375e+002;2.370191e+002;7.651530e+003;5.714909e+003;3.572929e-001;5.185302e+001;9.890451e+001;6.766666e-001;5.831666e-001;4.729167e+002;4.138560e-001;3.136905e+002;3.120645e+002;1.929255e+002;4.658158e-001;2.919656e+003;3.491829e+003;1.429985e+004;8.486292e+003;3.581634e-001;7.133405e+001;1.338342e+002;3.492857e-001;2.469580e-001;5.729167e+002;4.712940e-001;2.502778e+002;2.502214e+002;4.436319e+003;4.541559e-001;4.620883e+003;4.800166e+003;1.008308e+004;7.965229e+003;4.252273e-001;8.829266e+001;1.555615e+002;2.173913e-001;1.749334e-001;5.572916e+002;4.346060e-001;2.353298e+002;2.361559e+002;-2.848755e+002;4.849716e-001;6.226042e+003;5.429746e+003;1.034695e+004;5.446441e+003;3.556142e-001;5.431385e-002;7.995945e-002;1.366667e-001;7.393008e-002;3.398221e-001;5.904668e-001;1.227189e-001;1.217074e-001;1.213225e+002;3.932554e-001;3.473366e+000;2.459295e+000;6.404225e+000;4.749019e+000;3.288338e-001;4.148695e+001;8.164884e+001;3.260000e-001;2.626988e-001;3.995685e+002;4.652570e-001;1.420436e+002;1.416940e+002;4.062804e+002;4.441621e-001;2.512966e+003;2.735416e+003;5.770622e+003;3.808189e+003;5.870970e-001;1.446030e-001;2.108762e-001;1.388889e-001;7.883802e-002;7.575965e-001;4.985738e-001;2.719115e-001;2.722728e-001;-7.526956e+002;5.600191e-001;9.390435e+000;5.843513e+000;1.213293e+001;7.483649e+000;2.487030e-001;29134;6.408127e+004;2.722222e-001;2.172442e-001;2.222204e+005;3.990626e-001;1.059890e+005;1.064048e+005;-2.548820e+002;6.179988e-001;2.510178e+006;2.004813e+006;5014212;3.345311e+006;5.790926e-001;8.524904e-001;1.128839e+000;1.318919e-001;7.828746e-002;4.588184e+000;5.780263e-001;1.461633e+000;1.457662e+000;3.681428e+002;5.311306e-001;4.491526e+001;2.981864e+001;5.836361e+001;3.315721e+001;3.153066e-001;3.158639e+001;5.138016e+001;2.344444e-001;1.594938e-001;2.469742e+002;4.974037e-001;1.048255e+002;1.047672e+002;1.797416e+003;4.246041e-001;2.137983e+003;2.133123e+003;4.135698e+003;2.724351e+003;1.567380e-001;3.926846e-002;7.736129e-002;2.004762e-001;1.475053e-001;2.696277e-001;3.386288e-001;1.178721e-001;1.179117e-001;-2.978351e+003;5.583439e-001;5.666304e+000;4.077137e+000;3.019077e+000;2.108435e+000;3.912609e-001;2.906881e-002;5.240497e-002;2.272727e-001;1.575720e-001;2.511762e-001;4.760653e-001;7.784552e-002;7.764068e-002;3.800185e+002;4.549287e-001;1.688640e+000;1.568107e+000;2.969461e+000;2.122235e+000;1.191470e-001;1.338551e-001;1.786622e-001;1.913636e-001;1.235469e-001;8.914621e-001;5.013045e-001;3.333453e-001;3.332863e-001;5.653110e+003;4.295741e-001;6.453386e+000;4.317604e+000;1.341232e+001;9.336372e+000;5.650586e-001;1.663092e+000;2.284419e+000;1.613793e-001;9.516554e-002;8.342402e+000;4.610879e-001;3.126090e+000;3.114892e+000;2.791894e+002;5.530019e-001;9.086960e+001;5.621822e+001;8.699856e+001;5.710568e+001;5.725367e-001;2.095252e+000;2.860645e+000;1.509091e-001;9.062380e-002;1.223025e+001;5.836881e-001;3.774491e+000;3.778945e+000;-8.473447e+002;5.763323e-001;1.297557e+002;9.013366e+001;1.076719e+002;5.609605e+001;6.166571e-001;1.735766e+000;2.478604e+000;1.286842e-001;7.619637e-002;9.526819e+000;4.032874e-001;2.950084e+000;2.985037e+000;-8.440233e+001;6.084753e-001;1.125421e+002;6.961431e+001;1.115192e+002;6.421628e+001;5.738119e-001;2.142774e+000;3.151090e+000;1.300000e-001;7.371709e-002;1.018623e+001;4.749562e-001;3.808806e+000;3.823113e+000;-2.662130e+002;4.825757e-001;1.438723e+002;1.012441e+002;1.488098e+002;7.336517e+001;6.272218e-001;2.093661e+000;2.732694e+000;9.314814e-002;5.043195e-002;9.101118e+000;5.400995e-001;3.054703e+000;3.044951e+000;3.132326e+002;6.325627e-001;1.407866e+002;6.587998e+001;1.483190e+002;7.625091e+001;6.721105e-001;2.450934e+000;3.114824e+000;9.999999e-002;5.637375e-002;9.823854e+000;5.122871e-001;3.695740e+000;3.725298e+000;-1.250332e+002;5.103263e-001;1.659473e+002;7.760075e+001;1.628945e+002;8.164066e+001;6.609594e-001;2.188811e+000;2.860781e+000;1.068085e-001;5.907887e-002;9.634850e+000;4.810255e-001;3.307422e+000;3.313679e+000;-5.286498e+002;5.805194e-001;1.382871e+002;6.179135e+001;1.481996e+002;8.129208e+001;6.460884e-001;2.211810e+000;2.974508e+000;1.054167e-001;5.896239e-002;1.113049e+001;5.486707e-001;3.587916e+000;3.543905e+000;8.152402e+001;5.020190e-001;1.506425e+002;7.327325e+001;1.599964e+002;7.699866e+001;6.268682e-001;2.514320e+000;3.158992e+000;1.004000e-001;5.674082e-002;9.597032e+000;4.636352e-001;3.697765e+000;3.702706e+000;-7.484822e+002;6.617512e-001;1.519642e+002;6.812275e+001;1.645239e+002;1.057989e+002;6.824497e-001;2.126322e+000;2.683809e+000;9.351851e-002;5.206471e-002;9.639315e+000;5.843492e-001;3.194220e+000;3.214054e+000;-1.610532e+002;5.026278e-001;1.561839e+002;7.915151e+001;1.518817e+002;7.063931e+001;6.252682e-001;2.187431e+000;2.934211e+000;1.045833e-001;5.815598e-002;9.331446e+000;4.793951e-001;3.706641e+000;3.724530e+000;-2.071965e+002;6.150388e-001;1.571386e+002;6.906151e+001;1.554598e+002;7.766042e+001;6.567370e-001;1.981960e+000;2.611416e+000;1.032653e-001;5.740212e-002;9.250073e+000;5.104812e-001;3.071116e+000;3.075778e+000;-6.587903e+002;5.360159e-001;1.282869e+002;5.691788e+001;1.372771e+002;6.708141e+001;6.374511e-001;2.087796e+000;2.827204e+000;1.089130e-001;6.338625e-002;1.395732e+001;6.939200e-001;3.044885e+000;3.045923e+000;-2.932814e+003;4.908365e-001;1.411830e+002;6.478842e+001;1.312685e+002;8.549759e+001;6.566083e-001;1.831906e+000;2.250859e+000;9.769230e-002;5.642060e-002;1.006698e+001;6.617499e-001;2.653698e+000;2.657687e+000;-6.652701e+002;4.233606e-001;1.228534e+002;6.042072e+001;1.231703e+002;6.780502e+001
